
1 24.962600299811864 27.801395889046496 87.26661051127248
2 31.147075951350207 29.141495962219295 90.81606371931281
3 35.23199473925149 25.89127182418692 87.26661051127248
4 29.473743300743998 28.955163056407304 87.26661051127248
5 33.816332701198604 24.00337003282586 75.4165036912183
6 34.58157849736539 27.890126397228492 86.77959913428286
7 40.534001366819055 27.122064862777282 90.73703951986406
8 41.70547049759813 26.22282136937062 86.77959913428286
9 37.127141938866785 25.006906375295376 86.69372471305198
10 37.04183387664982 24.640996828061496 86.18322890233343
11 33.63396850876926 28.441796910748565 86.18322890233343
12 37.80596268896987 24.862276385776834 83.93389190989625
13 28.905991401564375 28.915549068106472 83.93389190989625
14 39.50130013556808 28.033444987590325 86.18322890233343
15 45.36534382146824 22.949102376526234 83.93389190989625
16 39.83781316301005 24.36829881849581 75.20090734553948
17 38.61862610448195 23.238193793174773 86.25060701409174
18 42.43735762343687 24.538424942145912 87.36755198344947
19 43.54280101717402 21.325119835213677 84.23248350911166
20 42.474344708822954 25.165015479006758 84.49372471305198
21 42.521357326034526 27.28683117988762 86.18739390424848
22 44.31789994704734 25.615471141467992 86.8825471035353
23 46.782663945610686 21.775268913155436 87.08254710353529
24 47.729526631996045 20.29320220562351 87.08254710353529
25 46.31192905934192 24.089298470133 86.38322890233343