3.523247072641977340e-02
-4.286191659423188582e-02
-3.731086434040380428e-01
-1.636745946648596739e+00
-2.693241994628936542e-01
-2.140770297113046006e-01
9.506210928487857093e-01
-7.533813307982033525e-01
-1.084923054032822520e-01
4.528283493273521643e-02
1.689960738157667564e-01
3.263860773004136906e-01
-1.741795567215296270e-01
1.489564569687780171e-01
-9.835500576964562036e-01
-2.343797787948638245e-01
-5.840994800070371529e-01
-9.427589521129264849e-01
-9.342324787761036031e-01
5.339741233963561928e-01
-4.516974157146536051e-02
5.256060674648923570e-01
5.473557415612975152e-01
8.846004879578719393e-01
-9.654683172570206473e-01
1.825078967660540119e+00
3.830268971836499059e-01
-2.461159662897036693e-01
1.076043800506110593e+00
4.324075437527108434e-02
-2.626054863916549298e-01
-6.439772944638537666e-01
6.161560278712632233e-01
-4.497013120223996019e-01
-7.204565851950108790e-01
-5.531006553633521783e-02
-1.271023589506900198e+00
-2.647198341779377628e-01
-7.675834604801354821e-01
2.863745991626351906e-01
-6.691130163282617005e-01
3.512494319601744408e-01
-8.895871223164009134e-01
-4.425340207898642575e-01
2.794942453903415114e-01
-6.872686334662851948e-01
9.061753854064480418e-01
-1.123586566516827201e+00
-9.848459343635129759e-01
2.396914506704637127e-01
-5.851847941952921239e-01
1.655422185414318514e+00
5.301938709234221836e-01
-5.360596730233584406e-01
9.518323908194676886e-01
-1.582803585011649528e-01
-5.650862836832506453e-01
-8.276422948001846969e-01
-9.189015311269699282e-03
-8.075419166401409665e-01
8.390684482910049091e-02
9.900881972961157462e-01
1.798369221198616863e-01
-6.041986765568110318e-01
-4.996566506333324220e-01
-5.847196038344084634e-01
3.745638881135762155e-01
-2.591631563285738959e-01
5.310400361892493315e-01
-4.242632114749047556e-01
-1.153224952419162896e-02
4.818898485599236725e-01
-8.893295801414868862e-02
7.138292821299858648e-01
6.266314447780936270e-01
9.906420383113794248e-01
3.595231415472099901e-01
-8.876289889214974416e-01
-3.871578579764971551e-01
-4.788030289834488418e-01
7.276332944515209178e-01
1.826436090546708080e-01
6.957797836958425908e-01
-4.147019259234021593e-01
5.126538931164896784e-01
-4.717760552508332150e-01
-2.386635812724011707e-01
-6.581987190913587416e-01
-4.709428550481058462e-01
-2.408920287361064894e-01
5.486500888939676024e-01
3.104740073360219288e-01
-4.498632993362019494e-01
4.261566966352232644e-01
9.496564199459531785e-01
1.863216870562646621e+00
-7.190146612087844336e-01
-8.909219243131858423e-01
5.840665339070720830e-01
5.775892585731661200e-01
5.466481006104106921e-01
1.054658649247996349e+00
1.595188148314057308e-01
-1.707472753556986689e-01
-4.056332460618332636e-01
8.505920654859353558e-01
-3.765878638614030827e-01
-1.699126972685001125e-01
2.886264261872437675e-01
-1.398104665188142359e-01
6.046286557591125099e-01
-9.961314201922166767e-01
4.160750082704918196e-01
-3.678127379734248414e-01
-6.527333644669357504e-01
-9.082243480181866335e-01
7.066878671845300275e-02
-2.838908314997707905e-01
1.876428428869483245e-01
-2.870617939643971273e-01
-2.790561838735856615e-01
-1.479712280426658699e+00
3.277720324684278985e-01
3.205335417196564229e-01
-5.683193489143032462e-01
9.410886754118839015e-01
-9.532834615946272905e-01
4.910672009368459712e-01
9.587548719437548606e-01
-4.810640353051354179e-01
8.507882597644851330e-01
2.119999577048521378e-01
-8.279822969806129862e-01
-6.513212825467815659e-01
-7.598815360646966610e-01
1.300256107014705620e-01
1.152705302263013598e+00
-4.248073005969381644e-01
-7.447726891066408506e-02
-9.645458922072316366e-01
-3.618312309285598438e-01
4.210614659207445598e-02
4.130620839630307906e-01
1.328505884068673648e-01
-1.132088301632960814e-02
8.374667634469108446e-01
-4.175893735366917880e-01
1.192205627802420675e-01
1.842052388689328080e-01
9.284255851938083559e-01
3.368953485146322091e-01
3.444542167113460174e-01
7.652853703618833769e-01
-1.270368633157698879e+00
7.357006139693236246e-01
6.576396151174876969e-01
1.052468033824289773e+00
3.794397983774997485e-01
1.608741812723508691e-01
6.312217440152554371e-01
-5.720278409633676731e-01
-8.165375245754016298e-01
-2.987808778700318246e-01
4.940415386428427258e-01
-7.584960384266050681e-01
1.013706633658501222e+00
-1.191859125621312909e-01
9.132037854889092365e-01
3.956297871190259663e-01
1.524921975386031470e+00
1.047261868986688160e+00
1.329425772943706452e-01
-8.310033664033575906e-01
4.253802025036621526e-01
-3.125390670711016838e-01
8.244440924675084936e-01
-9.529385551057645287e-02
5.069106810185657341e-01
9.107890964052052230e-01
-2.859812072244849457e-01
-6.333530897175814189e-01
3.718691792553827646e-01
5.564782776823782307e-01
9.700753493347631373e-01
-2.741181022266365730e-01
6.906822004704709084e-01
-8.543236104020790478e-02
6.592209951753269515e-02
-9.648423039610110052e-01
-6.235267638538841695e-01
1.288560964914232665e+00
4.796004241574571836e-01
-3.051304394564617883e-01
7.528977618324819154e-01
-6.442691718226827291e-01
6.585536704043448708e-02
-6.776326410947071111e-01
1.067220625566803083e+00
1.323856459064550961e+00
-6.053367707941250675e-01
-3.377558915715050958e-02
3.735492003558489316e-01
-6.354408573598047116e-01
3.977023342266627903e-01
-1.087281057328817191e-01
-1.688174041313073026e-02
-5.266974161078423755e-01
1.246295443462470676e-01
1.477394585129216953e-01
5.115432297687056984e-01
1.069118942325246735e-01
-1.525332610018854673e-01
9.744228766262399422e-01
8.955980396578622216e-01
-8.340177258469170241e-01
-9.332529752199669737e-01
2.119698308499715633e-01
-3.776903159979501101e-01
-6.881849434326108295e-01
-3.109972787163717278e-02
6.906643002714485391e-03
-9.503756679327350909e-01
2.026596030016734051e-01
-2.339807413467429598e-01
5.164941372602813718e-01
4.137682688294765931e-01
3.448682336743149612e-01
-1.119793153186543488e-01
-1.555501314372142119e+00
-3.758660189017268838e-01
-1.202314131725379376e-01
8.740640557364898200e-02
2.914400495924969192e-01
-1.734025426798005087e+00
-1.322596187999290462e+00
1.705056797200232843e-02
1.473505921928537354e-01
-4.701180344901969566e-01
-8.941361629330506489e-01
3.930383707713991370e-01
5.384921533185811349e-01
-5.832824141689401110e-01
-4.624100275190006215e-01
7.519362768653607976e-01
1.281180881314658571e-02
-3.472707235719734165e-01
-1.531457241329888364e+00
-3.481147515937910164e-02
-4.773295048240437932e-01
-6.738210082101629972e-01
7.460675098222535606e-01
-9.673026320514128695e-01
1.974734588255759871e-01
2.414905733806382848e-01
-8.356402139263332529e-01
-2.139379751108270167e-01
9.878508029010644176e-01
4.577650449282666401e-02
1.492635280725362223e+00
-4.770934093387335651e-01
2.622767953850941858e-01
2.601062527284176973e-01
8.540323235069480212e-01
-3.267979037440849055e-01
-6.304157305270838840e-01
