2.383862485293322120e-01
-7.204487307418079300e-01
4.755545240423408870e-02
-5.898542900537133704e-01
-1.601532324708709654e+00
1.462468998510733975e+00
-3.932793620625547604e-01
-1.191226162954895695e+00
-9.672963096345792433e-01
-1.081578972234922276e+00
3.975680638842498116e-01
9.986644082593110205e-01
-2.739590864477994270e-01
2.665680273798152200e-01
5.236412414393063486e-01
4.210852394622912609e-01
-7.790636815524198955e-01
2.886892651513854879e-01
1.449052638910985902e-01
-3.440737839866558900e-02
6.361264601500906668e-01
-3.826582042774437920e-01
-3.822236374183205498e-01
-5.768802298210218282e-02
3.067097141399122151e-01
7.269805992737272682e-01
-1.814294257921239995e+00
3.000291064410687270e-01
-1.078109422982232335e+00
8.044265319138463877e-01
-9.550810737017128016e-01
1.653722424050736217e+00
9.479094392606681740e-01
-7.161477334099553005e-03
-1.745473943201706346e+00
-1.491436528208406109e+00
-3.643070321019938884e-01
-5.271978662164076290e-01
-1.650042240602936694e+00
1.516421496976723349e+00
-9.585907707075951301e-01
-8.860051979849321580e-01
2.427278684157748945e+00
-8.817347163747497607e-01
1.717104522683949863e-01
-1.013146225326899685e-01
1.033279240375739372e+00
1.355810084745322941e+00
6.162281676095058280e-01
-3.172618758404939232e-01
-8.491571671732385251e-01
-3.498569910132094396e-01
-5.106430336016483107e-01
-9.967169958952988296e-01
-1.441912316693170215e+00
9.297433422210938936e-01
-9.255909914991216070e-01
-7.179230689805682353e-02
6.363273007942282788e-02
1.296270548349203633e+00
-9.514355334772792716e-01
-9.766815186987054531e-02
4.126688316825097846e-01
5.835621238899058039e-01
-8.135662634841849261e-01
-7.481595308169461944e-01
1.198917492301551979e+00
3.851036625214065978e-02
-2.732522926035600985e-01
1.014967108416612085e+00
1.566440785853316475e+00
1.189270953352814075e+00
-1.771726222763766012e+00
1.270718662063126114e-01
4.404240951697815376e-01
-1.900550204875197879e+00
5.966191534870537438e-01
1.035146010321750243e-01
1.519459087134511055e+00
-1.202444366529616504e+00
-6.701037473389850341e-01
9.993178901866635044e-01
-1.088731491548089458e-01
1.572916230178917907e-01
6.273831948229529054e-01
-4.189547689468351432e-01
8.087727498651768876e-01
-9.222349401258431723e-01
1.021305536179519580e+00
2.091531170790821292e-01
-1.130554271823825063e+00
1.482548172425867783e+00
-5.522800008675228245e-01
-1.726762333053801779e-01
9.597413134336596485e-02
1.176019126761373990e-01
-2.501790134571657553e-02
2.505356720935125736e-02
9.608291505476591610e-01
-5.289541112217084340e-01
5.737049372781708456e-01
-3.580508085529761075e-01
3.908560437377417429e-02
-1.478865845174551330e+00
-7.527673504110055092e-01
8.162886964621101082e-01
1.179665008534215964e+00
-7.241865253727026719e-01
9.066439479962777881e-01
-4.316020304048229228e-01
-3.673283639890025931e-01
5.079001632234501074e-01
6.588512794547540796e-01
6.084606013401698821e-01
-1.212502672147983684e-01
-1.786518097936603766e+00
-5.687582798190351507e-01
-7.282835454653024954e-03
1.104160762162601950e+00
-4.652924226982717570e-01
5.008518645379087531e-01
4.844496150036337045e-01
-8.467865458764869402e-01
5.768875854843178441e-01
-1.496719488750672955e-01
-2.648439703572795789e-01
-6.358425000731540155e-01
5.734370207320749202e-01
-3.606301789261689983e-02
-9.203505849398794236e-01
-8.502566182568478403e-01
1.711462184820629506e+00
4.804269801644944771e-02
5.753961575151060881e-01
3.336900506398119415e-01
-7.850977505443210713e-01
-5.598753093599111441e-01
7.008582551335185151e-02
1.025960424843145757e+00
8.841017173436811483e-01
-1.352448537785526872e+00
-2.184072877461031847e-01
-1.770292425143427106e-01
-2.398351987500149107e+00
-7.050212938917972405e-01
4.739434613434430066e-01
-7.525621508268605098e-01
-6.212739912026643552e-02
6.953380820486643188e-02
-3.089368996145374080e-01
9.133002689327551771e-02
2.589580692489166225e-01
-2.010489920700475608e-01
1.612226853532607862e-01
-1.076715183781739027e+00
7.830560845820455640e-02
-8.121914589234031645e-01
9.357286177615731226e-02
-2.895802679741277252e-01
-6.524590129357192847e-01
-1.117988775813361757e+00
-1.936991910134042705e-01
-4.302404664970549408e-01
-1.711243647108950938e-04
-4.759395574706664078e-01
9.766901354092270005e-01
-1.669497488294984233e-01
8.837935078672973788e-01
-1.980168567546100045e+00
-8.671695252412876531e-01
-5.365326559446388366e-01
-2.118340170054555660e-01
-8.120470332592666374e-01
1.227442458178130469e+00
-7.141631492583842000e-01
-6.878344118056496370e-01
1.696959874971917248e-01
-1.867443452892658673e-01
5.696847799124760137e-02
5.604385279086518956e-01
7.167312837013264382e-01
-1.741459707416970204e-01
4.132296053293529337e-01
3.335382946360132550e-02
-6.108716953921806692e-01
4.869152488931003386e-01
1.071026855849215309e-01
3.964487194249526336e-01
-7.661888846995359437e-01
4.711770204503473725e-01
-4.164975950789724379e-01
1.463345886401793194e+00
7.498923303198063994e-01
6.927108187407682305e-01
-4.001201717083977538e-01
8.941393681910203561e-01
1.362641456070389223e+00
-7.288660350904301310e-01
-4.079132585185363258e-01
1.189092171954390542e+00
-1.300015458392761003e+00
2.061332093388532627e-01
-1.515219099941895520e+00
1.514448789579991850e-01
2.312800668352952282e-01
-2.330182755817340468e-01
6.161655864055484155e-01
4.076474572083668146e-01
-4.157021076968276940e-01
8.071315275402970446e-01
3.047541737091390424e-01
-1.287092219500671098e+00
-1.667630885657784834e-01
1.449502236933240429e+00
9.857084362045798187e-02
2.966688383292488407e-01
-8.380218350201611432e-01
8.017952580789700079e-01
3.939257632043506874e-01
1.225131273009737010e+00
-7.036830654910111171e-01
-1.270073774344346873e-01
1.678236934158134019e+00
9.085287524763074885e-01
-1.430664053610626540e+00
9.089862608150323098e-02
-5.735021070017112255e-01
-9.020486370006224330e-01
-5.557678199120927864e-01
3.181949896606519612e-01
-8.664079143115699377e-01
4.165841024345557919e-01
-1.690306317702694683e+00
1.444529938060361562e-01
-1.505885318174602361e-01
-1.481259264394489517e+00
-1.718670200020321115e+00
-3.618184328075155776e-01
3.993849148055312881e-01
9.744321975902743294e-01
-2.576084468622446000e-01
9.099736739685710951e-01
8.942974837823731704e-01
-4.071739788516930414e-01
1.234681177996092893e+00
-2.499559421615249466e-01
-3.993028288654116853e-01
-2.269876183265719938e+00
2.700134803343146039e-01
4.261672287576117046e-01
4.441803098014627249e-01
9.876876039443427402e-03
-1.376833655489548836e-01
1.068047356620269284e+00
5.524100695650526749e-01
6.992845689645446061e-01
8.014864830245043148e-01
-1.134173658526865580e+00
7.162480727362718902e-02
-5.830626081962237972e-01
-8.785781581146567820e-01
-2.333324118349624499e-01
-3.734883434803846214e-01
1.454879612803108291e-01
2.083131425488340405e-01
