
1 24.216294397194435 26.41060656086011 66.20090734553948
2 28.83462723334147 25.33289743463713 84.76755198344948
3 32.67773444656177 25.884057414028373 74.90417543756777
4 31.485188351945634 27.71344183370854 84.44562995920265
5 34.36053458903457 24.39532507491771 84.6249751801719
6 39.78919918220891 23.883068131823634 88.9335319430667
7 41.4630097997064 23.638231579657127 87.22405089685368
8 37.71834560899735 25.755236698067574 90.19140997390338
9 44.37827328835173 19.773672421110444 75.20090734553948
10 42.54424663707948 22.889171165720004 88.1710543823898
11 41.31994319727768 19.858711196330905 87.64742736117438
12 45.970201076888415 19.12711519644711 84.6249751801719
13 43.42013989791638 21.584582129508213 88.76755198344948
14 43.027543738909394 21.077318333304376 88.76755198344948
15 50.60342101999599 17.59553909836714 88.19140997390338
16 49.12543298425891 19.502350617096553 89.63458214576858
17 48.045385965242495 17.53154738001412 89.63458214576858
18 44.20901036692409 17.564129878991096 87.9335319430667
19 42.85907029630779 18.215013527537522 74.65261079034399
20 46.38169923637169 19.336196884156987 85.56755198344948
21 39.075421626300084 20.27726537154177 84.36755198344947
22 42.075897402926785 18.531675163781003 88.89736666659863
23 48.74910094946223 18.293571157675615 87.64742736117438
24 43.022843980734606 17.474645290009335 75.20090734553948
25 47.553493630705944 17.023955892571827 75.20090734553948