-3.301748123188945616e-01
-2.458778131750738449e-01
-1.418655786918743278e+00
2.114582058492775474e-01
-2.110148120168500174e-01
-5.582698543179307471e-01
3.027267405481994800e-01
-1.425506445096749175e-01
-1.534010995519383691e-01
-1.507654596690525706e+00
7.654759702914288866e-01
2.051184612879446423e-01
-5.703017522071582857e-01
4.906088584179773004e-01
1.684614413598040095e-02
-5.093071065624779070e-01
-4.976915338386866949e-02
5.152384317676950154e-02
-5.956275568553597299e-01
4.643041696850120914e-01
-2.588822289652941144e-01
6.055415896272142717e-02
3.526621701758534400e-01
-7.362322938504997083e-01
-9.038219791185990726e-01
8.561023504793625616e-01
7.438936293806592825e-01
7.816266630852501951e-01
-2.527594775779495873e-01
8.783999534654953756e-01
-7.806759800745453060e-01
1.405792345433085622e-01
9.984488178143091641e-01
-6.510711110625415632e-01
3.535042139666018102e-01
4.407496146809382065e-01
-3.943928694833247484e-01
-7.708637608924828744e-01
-1.878599144329919923e-01
-1.574152871038470680e+00
4.480740088033940971e-01
-6.777774296547258714e-01
1.483128216077112871e+00
2.274641430640373940e-01
2.301865619623855164e-01
6.446991312488514758e-01
3.177734502313471765e-01
4.419138040964740721e-01
1.073805179301821067e-01
-7.523097113803836056e-01
3.521912902910304677e-01
-5.441472946618479689e-01
-2.393528586871726649e+00
-4.226448383180996249e-01
9.686008722448715691e-01
-2.268433135332721395e-01
-1.781529595614645523e+00
-5.923798170371563643e-01
-3.708796639584457377e-01
-2.972956247594735757e-01
7.999153406531289701e-01
9.557974874570456247e-01
1.812784297965785996e-01
8.246427639451137104e-01
-7.510644131951949021e-02
-4.969792689978209665e-01
7.482897514243251891e-01
-1.309106419673280453e-01
-4.882805521653588166e-02
-1.971477776593218545e+00
-2.181433071470406659e-02
1.061370602273596919e-01
-1.218423976043271573e+00
-5.626730650625262342e-01
-1.296428285840529604e-01
4.716159425899182356e-01
-6.215891445131362936e-01
2.281908265002550174e-01
5.261756110991600011e-02
-1.201053343873286217e-01
5.044897814132394132e-01
4.039216782593870736e-01
1.048773685061732408e-01
-6.200043436148487963e-01
5.382735153937627803e-01
-2.371530570349695832e-01
4.501545692415120925e-03
-7.120442801276183342e-01
6.749886493548102884e-01
3.532317451955373500e-01
-2.777919719361785500e-01
-4.950232646552226168e-01
-7.377594968925389463e-01
9.202452623702110923e-01
-3.088855968953767572e-01
-9.457443672723047090e-01
-1.143647032984242973e+00
1.742929103320502993e-01
9.681628500790613323e-01
-7.734974073662796989e-01
-2.465910836095290826e-01
1.451858736959008578e-01
1.584126105193925937e-01
6.506235064487901898e-01
-2.644961119520636839e-01
8.517847249654511010e-01
-1.480345982575159702e-01
2.223538822008077620e-01
-1.124786295839619310e-01
2.568953584186417505e-01
-2.855484504807941359e-01
1.813341269187387361e-01
-4.596795844327636882e-01
-7.518043498910811362e-01
3.610320891980505209e-01
-7.362297201884282494e-02
-5.238576557836036596e-01
2.510562827206150871e-01
-6.932212283817238418e-01
-1.678263739904541918e-01
-8.045191762162260396e-01
-3.042295238071306418e-01
9.100798432272501071e-01
-5.591019597316804202e-01
9.712275988451748443e-01
-5.315758580400067324e-01
1.587938956698449200e+00
9.887118271174610840e-02
-2.664841988229427194e-01
7.180629682871744190e-01
-5.987871861945661678e-01
-8.489181647914956219e-01
3.668769812628907001e-01
1.767820694480144450e-01
-2.732905431735903612e-01
7.014868659171114018e-02
6.824482353067469198e-01
9.155814727804378883e-02
8.939851891673964435e-01
4.554445487161371542e-01
8.110559663253325002e-01
1.661400217920625533e-01
-8.723231494310492717e-01
8.605571490428152170e-01
-4.000311052038305615e-01
6.657222949721914862e-01
3.979271283154124372e-01
-1.025543829289372599e-01
-3.230010892604229245e-01
4.983336047986777206e-01
4.160518102532115847e-01
-3.653364362619311301e-01
-3.614301883937502957e-01
8.304164469313044528e-01
-6.755731958963506756e-02
-9.267743115801860831e-01
1.009331428720606771e+00
1.565765328748919494e+00
-3.672672310251501315e-02
1.131603888190850782e+00
-3.686357983526915572e-01
5.632055421707260479e-01
-7.138874707330788993e-02
-1.215493554078789007e+00
-1.373932337852880492e+00
-6.897051585275024710e-01
4.906969186603580280e-01
5.030669034167283282e-01
1.146873236932519413e+00
-9.432561557977150457e-01
6.879840989911691906e-01
4.844162550485069385e-01
-5.734465742243037845e-01
-6.032407642712493967e-01
1.751578360629788556e-01
-9.466268700610809272e-01
4.854218629490594239e-01
-2.727385575186793698e-01
9.652013249968125486e-01
2.581500126241842441e-01
-2.626828078323966142e-01
5.883756025417699043e-01
-6.431187852533026827e-01
-1.952882337239159050e-01
-1.678211136619227606e-01
6.546914097745191174e-01
4.567033388193491028e-01
-8.595670558196704114e-01
-2.354489539770989737e-01
-2.365086270715319738e-01
5.574357600805268653e-02
8.732847956770628528e-02
5.094714033643343853e-01
-7.056835368409595244e-01
-1.107944995591434889e+00
4.093416129512661428e-01
1.088459859331422086e+00
1.269925104147192840e+00
-1.071003432395019717e+00
-4.144845308590667798e-01
7.851957768572146446e-01
-5.336993226790098799e-01
4.598199010547099341e-02
9.040551662737983385e-01
-2.705435142991539976e+00
5.959031938023471309e-01
-9.275307554473557481e-01
4.499411725491264669e-01
-1.508498214828146722e-01
1.169185862098685913e+00
-4.653856223309742468e-01
-3.222051710402262792e-01
1.154587284673909808e+00
5.756170793890247328e-01
-7.654134947167323677e-01
4.849154036266185575e-01
-4.806271476892327588e-01
-1.995243944139017955e-01
-5.465546955109374938e-01
6.816156560646808860e-01
-1.504400147694831658e+00
9.894403986456887790e-01
4.751710147878731583e-01
6.621159415728965492e-01
-2.250565011104095348e-01
1.139992822131206118e-01
7.843837913206821444e-01
-1.038022069709592543e+00
5.312412163479385274e-01
-4.175661183805505772e-01
7.614402230541643668e-01
3.615637072475021974e-01
-7.225136146566768502e-02
3.281970686544490867e-01
9.571099802785454358e-01
-2.413739034606416922e-01
2.144452419101413376e+00
1.116550062894883233e-01
-7.335835292150869602e-01
8.052480823117136310e-02
-6.003321922969304669e-01
-2.940297619449250277e-01
5.631878926612667868e-01
9.772913900054018832e-01
-7.576343680301587113e-01
1.466679529271208704e-01
-1.017849671630714159e+00
2.743879992054014672e-01
7.791070456935631494e-01
5.849504709218102949e-01
-1.379792915752609872e+00
-2.630277070676576567e-01
-9.890837761444557508e-01
-2.649755731280478699e-01
2.824617918616509904e-01
-4.414480078939342356e-01
-1.184198702402813996e+00
-8.922947204361888485e-01
4.331833497556918378e-01
5.053500816691727238e-01
-8.193027953750149361e-01
-7.520217334857897118e-01
-1.930219246565880731e-01
2.656193052114264042e-01
5.306841592356399406e-01
