
1 53.485165452331856 37.15914105063516 92.64317193830047
2 50.72505614690956 40.36052937282513 92.7750499825186
3 65.38357733403117 33.09526806533388 92.93214184093668
4 66.61020984656676 29.380523201065404 92.93214184093668
5 68.7770360838762 27.20175875553715 92.98506424239102
6 74.0848075140627 23.22107243494594 92.23931836898447
7 69.39817795622268 25.725832851791957 92.98506424239102
8 72.91246837365415 21.697360863032653 92.93214184093668
9 76.79684362174132 18.83918116287661 92.45873645484157
10 61.18301588351085 35.38787968210908 93.33616819497439
11 66.19362919034825 32.79988627760313 93.17504998251859
12 64.33093167588194 32.99430539852592 93.17504998251859
13 63.16394527045484 35.70467208507823 92.96192069107681
14 66.00796609246245 32.750928885993176 92.93214184093668
15 68.78368083089947 29.915637143098973 93.25289246928253
16 57.44074498324132 36.71173631143671 93.13616819497439
17 54.92008282125503 37.08951393155518 93.25289246928253
18 63.825178824217836 32.94414140629424 93.14041448585584
19 58.987087321540514 36.446135177288745 93.25289246928253
20 58.64838512153081 36.62405415535912 92.93214184093668
21 71.50287352288451 31.556628787037397 93.17504998251859
22 54.704586439146325 41.28891243118626 93.37504998251859
23 61.11694531662613 35.17002675993431 93.54250462797222
24 49.96470473422833 37.25014718329739 93.17504998251859
25 61.825868127648036 32.3335074559474 92.93214184093668
