
1 36.08937182188939 24.912831556041944 75.20090734553948
2 36.912814536332085 21.677230332265907 87.62405089685369
3 37.21906936780209 20.59748205775322 66.21310261863329
4 34.1589706056573 24.270666555132717 86.77959913428286
5 37.574125859960844 22.060891817263858 75.01354799471557
6 31.596378224935563 25.262289196925213 75.33703951986405
7 24.603998995179516 24.34443050863686 75.20090734553948
8 25.08942975011967 24.336732625863256 75.16226955283406
9 39.06175625813053 18.969088829987605 75.40157804100163
10 26.993732733830434 18.412862410272016 75.01354799471557
11 27.984484691260292 20.847224095239064 75.01354799471557
12 33.980350380998495 19.852669655302485 75.3978811791203
13 30.45944231504451 20.061342924009423 84.22873816020955
14 41.10782537134761 23.725301857362314 85.78322890233343
15 34.65551614497734 25.932568941801765 86.8825471035353
16 33.51944621965456 22.153577857424075 86.8825471035353
17 28.337712457041288 24.704194589670216 86.58322890233343
18 30.700855184799273 24.052986444028907 86.78322890233343
19 33.067559293904154 22.692985778217157 86.78322890233343
20 37.4230038777409 22.261319011109297 84.53070308686623
21 40.55341426112538 22.668263122331656 86.8825471035353
22 46.56767990499703 19.565801354397696 86.8825471035353
23 55.19845037588118 21.75641420788463 87.62405089685369
24 48.69461888499136 21.427844616445647 87.62405089685369
25 51.15721819167286 20.70402032403638 87.62405089685369