
1 70.33064334921863 27.732868713505276 92.56956207860756
2 46.42386071006142 33.60488022112247 92.56956207860756
3 53.5856989382675 29.109904652589016 92.36889138314541
4 62.99444906745358 31.31892833747609 92.6655260668693
5 61.31530424095839 30.38199179726192 92.6655260668693
6 55.31160164270061 33.147691806589 92.94250462797223
7 65.3472707244871 29.47339588936907 92.51859563501553
8 62.59836788497398 31.490027995838094 92.51859563501553
9 60.79051168220874 36.8796596487754 92.57959913428286
10 64.25631841084973 33.12579612083106 92.64317193830047
11 77.52420508055573 22.24743183153213 92.64317193830047
12 65.09584653189468 33.757355698230036 93.32772932632852
13 72.28500380965127 28.568099156477885 92.57598249381266
14 68.5448095138685 31.85551420437819 92.14041448585584
15 77.82054422382728 25.14038519465562 92.65092391510478
16 79.82260572467544 26.09862280973387 92.65873645484157
17 80.20999620867069 18.01672746205691 92.65873645484157
18 71.65431092894423 29.317419355735485 92.65873645484157
19 78.91775679752604 20.773914341422977 92.65873645484157
20 89.67370231928551 6.7713988962556355 92.64317193830047
21 85.84649143013307 16.0549712505843 92.7750499825186
22 89.23102720922093 9.875803602618372 93.14041448585584
23 90.33305584725824 8.01610954405182 92.93214184093668
24 90.57757169259578 6.113471534763327 93.14041448585584
25 88.09366242167502 11.819369772996934 93.14041448585584