-5.003749249053959236e-01
9.926262134325427589e-01
-5.731581296658176949e-01
6.496159537626731151e-01
7.081006639011906412e-01
-5.881774752114043991e-01
9.568159095698036687e-01
-3.750881073566847412e-01
-1.589060950025739549e+00
-8.594160005651756418e-01
-8.168281830646257902e-01
-3.089237057049598612e-02
1.683229455882859771e-01
5.975954032470520705e-01
2.205471181147107274e-01
8.825742939164153977e-01
-1.809080794974484707e-01
4.146731785667450154e-01
7.701535046608012358e-01
2.625246960542915176e-02
1.671343696001836854e-01
3.426643018091091175e-01
-3.444544961167401720e-01
9.485918143950911041e-01
-5.730452111437547291e-01
-9.723371798994626669e-01
8.626760449646659890e-01
5.888302802473110997e-01
-5.307067935487803645e-01
2.071223448313428417e-01
-9.805421915561549628e-01
9.328518148285969147e-02
-5.369427390426340096e-02
1.329455800678127630e-01
-3.955741453807615216e-03
6.894621703386794032e-02
-5.876680285343354182e-01
1.493650700485991134e-01
-1.331956999122210217e-01
-1.560093805097928499e-01
-8.571538423960196607e-01
-2.850449213016270633e-02
-2.269613635337943691e-01
-7.565823962098403577e-01
1.106101697838575149e+00
5.816165307549214791e-01
-1.141443289839916275e-02
6.785887089823594565e-02
4.760920345837813539e-01
-2.860246743909033995e-02
-1.026666020280804448e+00
-2.449095197295703130e-02
5.668166210559562046e-01
-3.386378643220080420e-01
-5.377225292808158752e-01
3.894477716326165684e-01
2.251937689901162276e-01
-6.789407103823708045e-01
5.542169729321064775e-01
-3.262264611187504215e-01
-3.830571111675769025e-01
6.300554741979873530e-01
-4.621054241497666304e-01
4.382654938344525686e-01
4.740058965194426932e-01
-4.767845845022842255e-01
-7.668070237313284743e-02
-2.603359238037905588e-01
-8.111833665237195845e-01
5.789353990980727893e-01
-1.180512404661942849e+00
-9.829628234213507731e-01
4.342863665439864462e-01
-1.276160030901225539e-01
9.770270224740502663e-01
7.365974113527902212e-01
7.637087228473959932e-01
1.888544696474570017e-02
-7.129001139692479061e-01
-1.055736989354468136e+00
-9.121554834030425329e-01
-2.299894288101895778e-01
-5.646876713016177884e-01
-3.554871112333932714e-01
-8.626567869651329268e-01
6.320592796704458394e-01
2.919868055075693913e-01
9.221573568702690071e-01
1.950406392675272382e-01
5.718811948975908166e-01
-6.149002247296020407e-01
-6.199982621471193944e-01
-9.584212043568993700e-01
5.292854330524727757e-01
-4.233054963541715843e-01
8.225453634591326502e-01
-3.376371887232141322e-01
5.937118434228492170e-01
8.669698000168026830e-01
-4.761200734807307100e-01
-6.709954214089663971e-01
-5.099598262591877873e-01
4.983556074295274474e-01
2.128668209298036906e-01
-1.700174992929730511e-01
6.261970378569221563e-01
2.215725039402571817e-01
7.628138093057912350e-02
-8.254121544970782764e-01
-4.330735596589603276e-01
6.546864820963642639e-01
-2.601125630909351116e-02
5.378158954411467185e-01
2.985949990221397066e-01
-3.230895081192091123e-01
-1.025969763188962380e+00
7.003127882977131513e-01
4.921531486521741883e-01
-6.638742272751683160e-01
-7.584307704801833694e-01
4.252687103576242578e-01
8.873782067427016251e-01
7.180047040961710092e-01
-6.601601562330354778e-01
-5.202019295249706854e-01
-6.509603532331009745e-02
6.147581465388025634e-01
-9.855498429485345380e-01
-3.148453871054761599e-01
3.089961155322271669e-01
-1.124593341134803026e-01
-9.842164201716412375e-01
1.852840541898959081e-02
-8.008749214753070333e-01
6.850103482897362817e-01
-8.063427040996546946e-01
6.140473950296521100e-01
-2.922067003637001115e-01
-1.829330362158767542e-01
8.355074466942919997e-01
1.075183659230671829e-01
6.167452487864697463e-01
2.440928149573888817e-01
-2.463514912264936907e-01
-1.694973047665233601e-01
9.509985022734714910e-01
-4.436059815323776245e-01
-8.386544371050486113e-02
-7.423929473996242479e-01
-5.737878251191177448e-01
-9.198233975928589157e-01
-8.183918929440663348e-01
5.556327206882942793e-01
7.078359794560264984e-01
9.132915347686489937e-01
2.215244733468335614e-01
4.599866120900424349e-01
1.656901314932177627e-01
-5.016380908205197997e-02
7.739255900963424306e-01
5.767195471642645455e-01
5.666637577525965863e-01
7.007039304801632174e-01
-7.212936296020866500e-02
9.311175182303421671e-01
9.148360448595642680e-01
-7.628307363711015476e-01
-4.872698803246635624e-01
9.801074751118425965e-01
-1.472147209559051539e-01
2.639640741571687155e-01
2.952214159173895958e-01
-6.789399647476157540e-02
-4.494174784075744000e-02
1.304981166663725656e-01
-6.468343646940111213e-01
-7.562973014881124723e-01
-1.200726049404144957e+00
-8.528116532200140654e-01
2.839322740758303265e-01
-7.419012466040701970e-01
-3.218977184745202003e-01
-3.107533390285996955e-01
-9.258248116121907678e-01
1.784332520974032388e-01
3.572306516440044710e-01
-3.169646634287375253e-01
1.961628930712921992e-01
-1.014904003010828282e+00
-5.941521860344147754e-01
-4.567031851722986868e-01
-8.705665522025007874e-03
-4.257230799430278267e-01
-1.942651062949305452e-01
-7.212481358774929241e-01
-2.600356320633405716e-01
-6.330434085329503802e-01
6.652540620933338200e-01
-2.325619060236159275e-01
-2.598606076404541554e-01
8.948173701336930019e-01
-2.953327017273708055e-01
9.768940667531995636e-01
-4.108815485659402800e-01
-3.761550722025561733e-01
3.069780219006299493e-01
2.490672125221959909e-01
1.265117111709267661e+00
7.048797469682990258e-01
-4.166066258390570543e-01
8.546440287280281378e-01
-6.288759626775406453e-01
-2.311677676734584796e-01
1.200438347955004037e-01
6.763977030253562894e-01
5.421801521288451831e-01
4.449154356879128080e-01
8.724129433707812353e-01
8.502078056248636440e-01
-9.466471565442664549e-01
-3.386699233003931386e-01
-6.340382904656940433e-01
5.835056679791037482e-01
7.696228446357149533e-01
1.741769885293492859e+00
-4.744247327324990771e-02
3.236281948867354430e-01
6.770139589497703447e-01
7.294036485884105581e-01
4.466701592529629394e-01
2.046372198745249893e-01
-6.280333166578904169e-01
1.430331296855487100e-01
5.405155382721635871e-01
-1.219571211402328714e+00
-1.924076293266159254e-01
3.635204737100750094e-01
1.971734141267373897e-01
1.464635372678346759e-01
-7.465470846828186069e-01
-4.597719870121936836e-01
-9.460592269654890529e-01
-2.217918981068824902e-01
-9.717871776197293254e-01
-5.456872955586866691e-01
3.162179279617094441e-01
-4.564233952265508432e-01
5.791996805516559377e-01
8.079616293017781725e-01
-4.926914721221333782e-01
-8.593403455465657981e-01
1.942723659878478060e-01
-7.233800358751505399e-01
-4.955911853664094480e-01
7.519189937285619685e-02
4.418128860819177106e-01
-5.412676557410265321e-01
3.204767285212011263e-01
-3.887255714883686153e-01
5.232769741235492322e-01
-1.191216733289075513e-01
6.888847473654879927e-02
-9.200971937221911201e-01
-7.703878877598104857e-01
-9.944874304907771467e-01
