
1 -0.913719323882567 8.836049540459177 39.81821644970792
2 -2.1782424101567153 12.249518161463229 66.16226955283406
3 -3.369817852432445 9.069851311225435 57.168117522716486
4 -2.1700769492258587 11.231788501886872 66.16226955283406
5 -2.1865894017368164 12.841392753813286 66.16226955283406
6 -3.8032437652474456 7.6220735526428856 39.601837298482245
7 -3.857060404843211 9.266057158003349 56.614805601002274
8 -3.657657153518758 9.785297699055434 56.614805601002274
9 -2.9262416013684733 11.450798818586923 66.16226955283406
10 -3.9548625755506377 8.974844416204999 57.168117522716486
11 -3.088011676819317 9.826766037071483 56.614805601002274
12 -4.035388528458775 7.37120797418934 39.601837298482245
13 -3.290729472993847 8.605502221488754 39.601837298482245
14 -3.254550965787138 12.300941675186566 66.16226955283406
15 -4.080778175664363 7.611286038120806 39.601837298482245
16 -3.06162056674467 11.220468755569472 66.16226955283406
17 -2.7285471201431717 9.976456990068614 57.168117522716486
18 -1.3888547774319013 9.06398144814595 39.81821644970792
19 -4.572842048621958 4.321287077253948 13.002787726235885
20 -3.9707853117781453 7.132863607549015 39.81821644970792
21 -3.4848972405289858 7.399184024812038 39.81821644970792
22 -2.1541151035017 9.724899399596694 57.168117522716486
23 -2.6466831358706857 9.040008269387549 57.168117522716486
24 -4.237697742655831 5.381965027763622 21.07307397402959
25 -3.340771963860584 7.456231472138826 39.601837298482245