-1.195723116550663767e-01
-2.933849251554466186e-01
-8.113631238998050277e-01
-9.629938167277408978e-02
-5.917777486848182500e-01
-5.512289961947705041e-01
-9.270861038794253606e-01
-1.000000000000000000e+00
-9.585970594174844095e-01
-3.515409400819339836e-01
-1.243450411651049747e-01
-3.215236216872632280e-01
-6.218057130751523109e-01
-3.526731624877050830e-01
4.758244104550177767e-01
-8.029599308949133540e-01
-4.046879450027131009e-01
5.872743549098585758e-01
-6.973623241394909522e-01
-1.652865810200032093e-01
-6.994846777282104355e-02
2.779321061702277884e-01
-4.548601201789396753e-01
7.976384817987414166e-01
-7.302008899358274352e-01
-8.022540859928812829e-01
1.967564655297396881e-01
1.000000000000000000e+00
-8.547182365934133941e-01
2.437174358927309825e-01
-2.687041734013466132e-01
-4.817779820042168426e-01
-9.297146238296203347e-01
-7.169586387456363674e-01
-9.110970527462665114e-01
-9.126175976261223788e-01
4.063005025100199230e-01
-2.444699562160403405e-01
-1.000000000000000000e+00
2.910445133567625131e-01
-8.112091373233158986e-01
-8.335759436863975358e-01
-7.214230623164283873e-01
-4.740134897211270570e-01
-3.712730339881389896e-01
3.281359082868344212e-01
1.206032603234024198e-01
3.215525521960631572e-01
9.746190685248656838e-02
-1.155802808242381435e-01
-4.158594953101091285e-01
-4.437587565261671974e-01
8.360135477163147533e-01
3.681022519250457536e-01
-9.459372995560608732e-01
-4.552357245857963086e-02
-6.980171460879276424e-01
-2.098489622113303144e-01
4.164605700445113134e-01
3.586281464328661128e-02
-2.539609473451102661e-01
2.495983613090207442e-01
-8.462952781035686378e-01
-4.996046014493423781e-01
2.613461729914695608e-01
-5.137907470688949374e-01
-8.595652016101258397e-01
3.915794788306297125e-01
-1.000000000000000000e+00
7.815450223129001284e-01
4.685173120684571479e-01
-6.654668225887727662e-02
1.000000000000000000e+00
3.954624635309186287e-01
-5.934455439707547741e-01
-1.000000000000000000e+00
-3.799204477236968747e-01
3.331383047482865400e-01
4.577654768883782088e-01
6.039894008045803009e-01
-6.502071676922540622e-01
-9.841910641961806316e-01
1.049825588600412363e-01
-6.277565892467206199e-01
1.087584359399795808e-01
9.744545136990587775e-01
-8.226125975767140108e-02
9.381843273138416039e-01
-1.391733362264953311e-01
-8.959662330912523398e-01
-1.000000000000000000e+00
-2.984420746034609495e-01
4.548434643969688773e-01
-3.353000952930436096e-01
9.046834374284983271e-01
8.629336917743045676e-01
-1.000000000000000000e+00
-9.933113111666190820e-01
4.118565605339580271e-02
3.120681761883229988e-01
2.908003955730879553e-01
-4.049095585378005568e-02
5.537296579742667646e-01
8.026568402488989395e-01
4.258874736667656591e-01
6.990178292617821310e-01
3.501161673957642884e-01
8.063531052080677997e-01
1.000000000000000000e+00
7.615641349870150290e-01
8.303026189952456004e-01
-1.000000000000000000e+00
2.863851987444623881e-01
1.188146940380666039e-01
-1.998411007865244851e-02
-1.000000000000000000e+00
1.000000000000000000e+00
-1.000000000000000000e+00
-2.385848856006657082e-01
-5.485647239293622857e-01
4.269414311991452382e-01
-1.000000000000000000e+00
4.110668124988249295e-01
6.264520728455127418e-01
-1.000000000000000000e+00
5.180089903989962830e-01
-6.846870457498458462e-01
-3.267896932181415526e-01
6.495726746239345317e-01
7.192528839948014729e-01
-8.675184162301654567e-01
3.711713129758107965e-01
9.284341843953924922e-01
-1.000000000000000000e+00
5.014129073814670434e-01
7.094573563811705785e-01
4.589654146234991572e-01
-1.848777528190549413e-01
-6.672806136306066449e-01
5.913971898671200877e-01
9.287784747513274652e-01
-2.659973917694586909e-01
9.999759390206890419e-01
1.000000000000000000e+00
-1.896662071679281469e-01
-5.246467737603592862e-01
-1.740509402440180153e-01
-7.551444884121025769e-01
-9.021848179958315006e-01
-6.457864050459292127e-01
-5.032839618312694441e-01
-2.157276288752492110e-01
-8.381551720117432769e-01
-5.700656722579946489e-01
-8.817040617517368783e-01
8.815578329183977324e-01
-4.467850507153043882e-01
-8.725642380260362208e-01
-8.112833388171094562e-01
6.760797892153695976e-01
5.685135112334656071e-01
-8.783735665476555265e-01
-2.986280868925662579e-01
-4.939135474308888329e-01
2.393019106768693449e-01
1.086256569329727695e-01
-4.624835690643324532e-02
1.369447895772639978e-01
8.985248787661703762e-01
-3.783903136930949485e-02
-2.518302404346532963e-01
-2.862487676751262478e-01
-2.897125492227622945e-01
-1.537994690295620415e-01
6.299943620055561411e-01
3.443934995497252571e-01
3.299576066599800850e-01
-3.607950311617477146e-01
-3.186048613092763993e-01
-8.458596258989946604e-01
-3.761686193494373498e-03
6.596003695374685893e-01
-4.071406916563363731e-01
9.926308914443316977e-01
8.937813532059928345e-01
-1.287326422390973057e-01
4.842020503083634408e-01
-1.501500913188570929e-01
7.764940477988955259e-01
2.962091232145549480e-01
8.678772628318582871e-01
9.371818988326147126e-01
1.000000000000000000e+00
-8.341000775768960818e-01
-5.196167410368851547e-01
4.043963972995852640e-01
6.071013509315070777e-01
-1.000000000000000000e+00
1.000000000000000000e+00
-1.000000000000000000e+00
-7.015656288680971464e-01
-1.069203615658136375e-01
-1.000000000000000000e+00
-1.000000000000000000e+00
-5.972912261065774775e-01
-5.624560861684505531e-01
-1.000000000000000000e+00
6.269655996178080670e-02
-1.000000000000000000e+00
8.401169764093957548e-02
9.044144185922604606e-01
-9.095026467721409880e-01
-3.768919832596719921e-01
3.961770525260039921e-01
-8.190797609753404096e-01
6.004120543324048542e-01
1.482955775903807560e-01
-9.219024720924100524e-01
8.214638076805624856e-01
-4.653677381758826725e-01
-6.703137984381278835e-01
6.497886085822967006e-01
-9.876566940878457324e-01
3.537397168491627358e-02
8.325180639223297985e-02
-2.233979589498792939e-01
-4.874195292423666448e-01
3.888371854886786272e-01
-9.634356106263003428e-01
-3.120254769591796484e-01
-8.822786651849531814e-02
7.966592554645728352e-01
-6.854735126716150484e-01
6.975185352439391417e-01
-5.434539395947307616e-01
-8.189703164019691561e-01
5.787578916767077697e-01
2.819090613238918741e-01
-6.618690070976510631e-01
5.313282511273481612e-01
-9.003498819314688095e-01
-9.777165966551590870e-01
1.000000000000000000e+00
9.579452278567464063e-01
-4.252019540005095299e-01
-9.555072131521177292e-01
-2.851195135045213325e-02
1.000000000000000000e+00
8.159242196710966288e-01
-1.242896705256020945e-01
3.044523297700535980e-01
-9.261770588805257054e-01
1.371055544609356691e-01
7.099986959791916297e-01
3.695759278508555790e-01
-1.082565831914682752e-01
-2.307577934820341792e-01
-4.796937443099965614e-01
-4.827799678918716642e-01
1.000000000000000000e+00
-9.688322242428246689e-01
-2.774939452451948840e-01
1.000000000000000000e+00
8.749493326719425257e-01
-9.847215879363808710e-01
