1.000000000000000000e+00
-6.400172473179113197e-01
9.213790223322140260e-01
-6.480192780866725344e-02
5.158308041321795212e-01
-5.951275277901866279e-01
-8.278021108217796797e-01
7.890728846423578080e-01
-9.634906503462017935e-02
4.342891733141402977e-01
-9.840516490972833763e-02
-1.000000000000000000e+00
9.652476823181210808e-03
-7.378588668692490637e-01
6.323865728432631617e-03
1.661210033259872820e-01
4.920735135862220888e-01
8.297835277624228123e-01
7.431756974952908879e-01
1.000000000000000000e+00
-4.558229512614065393e-01
8.591341238744398812e-01
3.791040803402717652e-01
3.716868494991176219e-01
6.263905304729230905e-02
2.709372092608842708e-01
-3.623857086905050151e-01
3.583576539937368133e-01
9.481347944269440386e-01
5.216684076004045600e-01
1.250227655016590278e-01
1.000000000000000000e+00
6.143223369616798157e-01
-2.797042395956049754e-01
1.827580133831481768e-01
6.639601863325096387e-01
-9.453201042217955763e-01
-1.000000000000000000e+00
7.604040415333901404e-01
1.044989181519832278e-01
9.597145566930374017e-01
-3.813531725986171184e-01
2.071219081905152359e-01
7.674570077973037474e-01
-1.126945487548766389e-01
1.000000000000000000e+00
-6.443502916971721728e-01
1.000000000000000000e+00
-6.157214962601880170e-01
-6.260486483741483088e-01
-5.242268308925182030e-01
8.080346035963514861e-01
-9.844131692360577057e-01
1.000000000000000000e+00
-2.500827546197959550e-01
8.169259176365013531e-01
-3.062549510297774003e-03
4.312269977535678755e-01
5.739415218580428135e-01
-5.971235532532176427e-01
-1.000000000000000000e+00
9.263018766921304881e-01
-1.000000000000000000e+00
-1.000000000000000000e+00
5.775296771173541455e-01
1.000000000000000000e+00
1.000000000000000000e+00
1.950081496090045330e-01
4.599826397420344049e-01
1.000000000000000000e+00
-7.379443741781213095e-01
2.045752632234826285e-01
1.000000000000000000e+00
1.000000000000000000e+00
-4.482170023593351482e-01
-1.000000000000000000e+00
-9.098373803235224599e-01
-9.053305988048123698e-01
1.000000000000000000e+00
-6.416761920814413322e-01
-1.564145714096412398e-01
9.983386764291561910e-01
-2.018132751879064823e-03
-6.355074062948484759e-01
-9.198511870353312525e-02
-9.574219119974156644e-01
9.112899167874388695e-03
-2.730722151210878135e-01
7.792554844755728016e-02
1.614618763554973579e-01
-2.704069252162979997e-02
-1.000000000000000000e+00
-3.371513281190219313e-01
1.819594999545525449e-01
1.000000000000000000e+00
2.381928035654548581e-01
4.587665764939614643e-01
-2.958574782800241221e-01
2.629690386910472633e-01
3.240764207459271851e-01
6.182966453186917732e-01
-8.630659944363480163e-01
-6.097034248313564220e-01
-1.000000000000000000e+00
7.990991229739256019e-01
1.000000000000000000e+00
-6.724785157514201472e-01
1.000000000000000000e+00
-2.966295122876971835e-01
4.316384019163183039e-02
-2.616513625298412249e-01
9.453479309524348562e-01
1.000000000000000000e+00
-4.392702310054023007e-01
6.416473114872012218e-01
-4.495230620269821120e-01
9.960101279034353494e-01
2.051557469017792901e-01
-1.661488311549793873e-01
-5.551762657608361184e-01
-6.217073467762661565e-01
6.561330061175221773e-02
-2.646028746376252183e-01
4.618931382696762067e-01
1.000000000000000000e+00
5.224309187260215426e-01
4.041861211281370103e-01
5.609261946594690240e-02
-1.000000000000000000e+00
7.609235863896757213e-02
-3.673339508306600054e-02
-9.585101057293327065e-01
-6.092834921764126443e-01
8.731154019808157196e-01
7.121169699865543823e-01
9.114291499458320178e-01
-8.724717045862896425e-01
9.344445166610904074e-01
8.456440158547250396e-01
4.615600298209199259e-01
-1.000000000000000000e+00
1.697329285532791776e-01
9.349492076522094575e-01
-8.633272419359759864e-01
-6.638745592924009120e-01
8.403688061839464929e-01
1.332251106006654973e-01
-4.963784227065702881e-01
5.926256828037592683e-01
1.604488104560453099e-02
8.600335472083474597e-01
2.534213645206750409e-01
8.570776106022071072e-01
5.321102004230309213e-01
-4.200658588138606042e-01
1.220240650590652121e-01
9.960593502008038280e-01
7.420345303348234722e-01
-9.490734044232969069e-01
-1.000000000000000000e+00
5.412901089404112964e-01
-4.064542625373368523e-03
6.984362605048117789e-01
6.868251850580968654e-01
6.924693289814186636e-01
6.621516360091362907e-01
-1.000000000000000000e+00
-5.491862561839130352e-01
-8.955648368527464598e-01
-3.634493650198251102e-01
5.074238280655398725e-01
-3.839470363742880643e-01
3.675239499698415013e-01
-3.360418698637649970e-01
9.870759280519605383e-01
-9.660939261984811122e-01
1.000000000000000000e+00
-3.638025521561806530e-02
-3.092537722747173978e-01
-4.369312348469834850e-01
1.730736926109436580e-01
-5.311299764598059747e-02
-1.163551477540423762e-01
-4.835958306477694535e-01
5.254226452690408111e-02
-1.821903493015529507e-01
-3.716168342297776483e-01
-9.536490864812967594e-01
-9.013046948196170582e-01
8.460464987180862234e-03
5.067713288235176083e-01
7.133635443293064871e-01
-2.940884369402743115e-01
-7.088515183985576451e-01
7.529304016362120544e-01
1.000000000000000000e+00
-5.024166193597646712e-01
2.138969087535658731e-01
7.488353525629969365e-01
6.393116182023712568e-01
-1.842581510591661531e-01
2.410520435007904028e-01
1.000000000000000000e+00
9.939617396521081005e-01
-4.477075234630428779e-01
3.556584021630335157e-01
8.343525252151442473e-01
1.000000000000000000e+00
-9.373641237238847790e-01
6.456174242575327682e-01
-7.362487117978682161e-01
-1.000000000000000000e+00
1.000000000000000000e+00
6.395034181212615465e-01
5.106157302031659739e-01
-1.000000000000000000e+00
3.707375338276234222e-01
1.000000000000000000e+00
-1.108212189021954147e-01
3.747460452350480642e-01
5.617028828758301451e-01
-3.460700295580139141e-01
6.707482826929211939e-01
1.000000000000000000e+00
6.073632309027153509e-02
-7.136739600001995587e-01
-1.000000000000000000e+00
7.548967649024844739e-01
5.328786822409026236e-01
1.048985666663871524e-02
-7.463044613145732864e-01
-6.772175819181850409e-01
3.351210962719600173e-01
-9.892938327175722080e-01
8.890824470940645874e-01
-2.802171835653008980e-01
-3.093261775226885946e-01
-4.360206769243730740e-01
9.719324166980940483e-01
-1.746359220802980450e-01
-6.514639073760911669e-01
1.000000000000000000e+00
-1.353074844222548756e-01
8.376630396631398190e-01
-2.387976772065737996e-01
4.252252355141790674e-01
-6.740519986917620221e-01
-1.988150194277365501e-01
1.000000000000000000e+00
-7.134378758395371056e-01
-1.000000000000000000e+00
1.000000000000000000e+00
7.296090035308905319e-01
1.000000000000000000e+00
-3.526017857940867417e-01
-4.555133718389841602e-01
8.583573837626727876e-01
9.602143456325260562e-01
9.646833518765753901e-01
2.363518912928712079e-01
-1.446406307838257188e-01
-2.799167784969176509e-01
-2.701663023245513551e-01
-9.982623904813825444e-01
-4.099459326065122422e-01
