-7.691298877925742961e-01
3.823305818985938132e-01
-2.021042940091473117e-01
3.124385038473536103e-01
4.532750409185548612e-02
-3.801925558004923822e-01
5.735977063445929502e-02
-1.997009081681835330e-01
-5.981756888456597476e-01
-8.647387183803754152e-01
8.614260419688013481e-01
7.513552441376007973e-01
1.934838291810392352e-01
3.493539232933813299e-01
2.329034762270225656e-01
-8.443370836116925737e-02
-4.161642006311416786e-02
3.214187969149795432e-01
5.648896717735352180e-01
8.590969831416939151e-02
-8.426166107857386844e-01
7.845347896507379737e-01
4.337447089576256243e-01
6.407163906069790471e-01
-8.735162023200695458e-01
-4.295687688288871708e-01
-3.232557165863045867e-01
-2.371736699998745479e-01
-4.521696575544076335e-01
-5.855011216107925964e-01
7.566693252106897472e-01
4.457860192169937896e-02
-4.224764767369921792e-01
-3.418868778794825758e-03
-1.795962801756889604e-02
7.115791011142067468e-01
9.041996683503361609e-01
9.166943119826762576e-01
7.140001354797802513e-01
9.366054990537830971e-01
-1.442428294193689453e-01
8.287804422776248181e-01
-5.080100767967528075e-01
6.633262593909596827e-01
1.449596929148952995e-01
9.024563051959983984e-01
-7.631252590549615356e-01
3.654922750234259610e-01
6.434725855063150313e-02
-5.466307868444317819e-01
-6.090152240724906463e-01
-5.497315101034172535e-01
-9.631591707552762394e-01
-6.360683559170301482e-01
3.916248891784572805e-01
8.100582819346686669e-01
-7.179439679951513664e-01
7.512389872024909376e-01
6.824553756110871561e-01
5.710235713851778971e-01
-3.358908489325180824e-01
3.160193364280308170e-01
-2.815633839529874116e-02
-1.698539437829627019e-02
5.492936735491227296e-01
-3.346796772236559914e-01
1.727333962286854430e-01
4.935799789987305175e-01
-9.172281638129029524e-01
-4.710367238544757029e-01
-5.835069539774715430e-01
1.947813771543449590e-02
-4.227475264497224661e-01
1.060430131110472463e-01
5.560674508524741100e-01
-6.194508715230468976e-01
-7.780552757786387552e-01
-7.526483580780416460e-01
8.349554817053932432e-01
-4.839884826788742878e-02
4.611074544052042867e-01
-9.925965932128022473e-03
3.197572198284501788e-01
3.059231858197590803e-01
1.280497113060194980e-01
6.130467458386275048e-01
-8.756715993131987119e-01
1.840351840120164617e-01
3.443774803287225073e-01
-4.887565153291255626e-01
-1.650898403499891920e-01
-3.405530984861049326e-02
-4.549831191078368420e-02
-9.440255129909136400e-02
6.087312754607003829e-01
2.161424179752788888e-01
-2.679756796875509828e-02
-7.369624637354781349e-01
1.075573371651139531e-01
-2.103917035949327552e-01
2.645550292294414074e-01
6.680047824522596933e-01
1.220956836345576946e-01
9.537926754486665271e-01
6.989580923254046230e-01
-2.117398211535683750e-01
-3.894324881883466372e-01
2.654856749651473002e-01
8.593057247516946440e-01
-2.127636890614166276e-01
9.106522596539183834e-01
-3.740969470456587675e-01
1.491358292784896733e-01
8.679118830508896210e-01
-8.763047878407170810e-01
-5.082010531967995348e-02
-9.572284435914617529e-01
-2.220715155852801548e-01
-9.519173491467438630e-01
-5.362421040393214877e-01
-8.282340259137295213e-01
8.012388636635423556e-01
6.865507073930470217e-01
-1.845335068830318281e-01
5.075015463214449518e-02
3.808073325907135320e-02
-3.608961307348936831e-01
-8.861981467427160197e-01
8.781534080468127446e-01
-4.627257716076127458e-01
-6.446303719567363366e-01
4.494158797769891578e-01
2.490461078759262925e-01
-6.127067204798632982e-01
2.893718511228526857e-01
-7.127942554719397528e-01
-5.746885587566761266e-01
-7.196174266898056615e-01
3.134943358664434854e-01
-2.930839000914597925e-02
-7.794787116899544177e-01
-2.138169570282066889e-01
-4.695737446299668161e-01
4.687678494914204741e-01
7.319962157383610446e-01
3.028867375917587701e-02
-7.767127542174681043e-01
-3.566524431129776129e-01
-1.520497802842659674e-01
-2.960688934644499781e-01
-1.667487381323256024e-01
2.162135610876361191e-01
-3.801654115432591130e-01
6.879856900194354363e-01
8.659104750707515841e-01
6.063833933602080783e-01
-9.737714232784353552e-01
9.043351429539885356e-01
-7.788707826751644081e-01
9.303501883914155890e-01
-6.599097062275385284e-01
3.340533932089073677e-01
1.337356391364215025e-01
-8.974032754393492795e-01
8.665506346498883516e-01
8.453150083799223502e-01
-2.555327168860024312e-01
9.108024189478478583e-01
-9.168858072117824776e-02
-2.658881874007954504e-01
-7.709026807395931158e-01
-2.131993967060625828e-01
-9.711567663077798063e-01
9.380283662307400405e-01
9.955653139295435050e-01
3.172787677858757149e-02
-4.224870264225162320e-01
1.018776033365231815e-01
-7.055086182384566751e-01
-6.754772865858362785e-01
-7.778125499955825806e-01
-3.106289356037970073e-01
-7.280756136049140181e-01
-3.581725612795190195e-01
7.666604939242451788e-01
-4.953664588213799735e-01
-2.245816026297167145e-01
-1.947273576519783500e-01
-5.687278735603267243e-01
-2.151563213019627163e-01
-2.885580229239421701e-01
-2.241111900205083884e-02
-1.116147231705830745e-01
-6.248235223423352913e-01
-3.833993088406630889e-01
2.907458898793686686e-01
-6.552083403554209706e-01
1.083778077986974342e-01
1.554418752604278531e-01
9.569059893390816640e-01
-3.209687264234835080e-01
7.222282307676284319e-01
8.701507339740732760e-03
8.790233555097182183e-01
-6.044376722595359297e-01
5.070941382506186645e-01
5.240095552703361026e-01
-6.582875394233655975e-02
6.544296579041126716e-01
-7.696342708266517008e-01
9.319984954593982796e-01
-5.006350011732230154e-01
2.429803861364092654e-01
-2.785730218721267359e-01
7.309498124079654158e-01
-5.188604530710667628e-01
7.070430190465648579e-02
3.647602724837970545e-01
-4.529871097488702425e-02
-5.162587776673408513e-01
1.283561609342045440e-01
8.802456500805635464e-01
1.562235559073466007e-01
-5.318208249398883591e-01
-8.042952597578791885e-01
-9.664198948836852932e-01
2.458736051842465020e-01
-6.032933071720316676e-01
3.315281472076514468e-02
-9.578647490348664029e-01
-4.198033056148597897e-01
-5.804846989677203695e-03
-5.391598373670554167e-01
7.408955118708051568e-01
-3.173568138963744900e-02
-6.108300423031405302e-01
7.421222766955133388e-01
7.542048509985970206e-01
9.465578631043423119e-01
-5.256621374908205802e-01
-9.231296153650068170e-01
-9.403204349543639040e-01
-8.104839131651799811e-01
3.553057532425305531e-01
3.174019334592657060e-01
-4.948118040751889879e-01
3.387817326074114010e-01
3.350686629415808859e-01
7.229286492180109214e-02
3.886683776179684635e-01
-2.100118477139756301e-01
-5.750868804064124262e-01
9.885757774318613134e-01
-2.670143797316519851e-01
-8.945753260463984446e-03
-6.868876811100110835e-01
-3.909554799193015739e-02
-1.498024495525385191e-03
2.723318704939243773e-01
-8.772609043598729173e-01
4.012736421089209138e-01
-4.472308271707543526e-01
-4.430584727858566385e-01
-5.516301705156840818e-01
9.443570774823737413e-01
