
1 -2.6676126116588774 7.282669994674715 30.716796271262012
2 -3.0108565322614536 10.903455252393002 57.21925648420767
3 -3.0546555512500433 7.345631945434485 39.13070308686623
4 -3.132345408562558 8.864065104757508 57.16226955283406
5 -1.982547927867183 11.176492673365178 57.16226955283406
6 -4.1856327289935855 5.898888874755808 21.89405452609942
7 -3.605027361282265 6.88544719869638 31.023266257579426
8 -3.0708106444642387 8.062792177319288 38.82413272989424
9 -3.7101801112096666 8.172666471880287 39.785064242391016
10 -4.0809136989319255 6.871431564694823 39.785064242391016
11 -4.2823577767597385 6.806590409770366 39.79051384715858
12 -4.237502168096666 6.840991875187674 38.82413272989424
13 -3.8849341171913188 7.707184564013948 39.785064242391016
14 -2.77213963878284 10.604110042487351 57.041575306970216
15 -4.131653831006567 7.693373523777251 39.785064242391016
16 -4.101048819089487 8.514332987424591 57.041575306970216
17 -3.9081360217392267 9.262610311970025 57.16226955283406
18 -4.259107743459887 7.332437196079185 39.79051384715858
19 -3.915179830730839 9.26684105162659 57.041575306970216
20 -3.743894361995776 9.894262846325253 57.16226955283406
21 -4.028622952029364 8.776264078993298 57.041575306970216
22 -4.612146670534995 5.832398218004661 30.969562078607566
23 -2.958200472262332 10.28280983435894 56.58000507185286
24 -4.350413507669306 6.898509320619627 39.785064242391016
25 -3.3090002173100843 10.033177016102814 56.58000507185286