3.459311917210841081e-01
5.236027098203677177e-02
7.587176435687392750e-01
-2.493260551636615752e-01
-1.771544634155088893e-01
1.248190232543959333e+00
-1.644007925001828685e+00
3.509807164223697207e-01
3.595509885125487415e-01
-8.655956458772424700e-01
-3.014419282816653833e-01
8.687374323848962021e-02
-3.945704172584032499e-01
1.420614791135085486e+00
9.178054251169125433e-01
-7.247742351268546823e-01
-2.975424490719355664e+00
-1.927226978386888945e-01
-4.979230396896283661e-01
8.269567090341012339e-01
-3.312793689069919445e-01
-1.491787249596440157e+00
-9.942869758597217000e-02
-1.821964932980806084e+00
-9.549436169460436830e-01
5.235723334312398780e-01
-1.662338347018760709e+00
6.232312123504024637e-01
-4.061752712071109439e-01
4.753462563766801541e-01
-7.047030117605250776e-01
-2.208437547892587283e+00
-1.673340886327025601e+00
-2.164573962387653872e+00
3.820401942859863453e-02
-7.301881082228711684e-01
4.881771468310953654e-01
-1.168340868310298930e+00
5.481059471457971899e-01
2.043043258771493065e+00
9.279556487814126786e-01
-3.134861465873828301e-02
6.558476879921086855e-01
-3.496965137861911543e-01
-1.244852792548467368e+00
4.501110324463410972e-01
1.085576245135624118e+00
5.887812361062816358e-01
-7.441043419184756313e-01
-9.164485726149336209e-01
-3.154149748272798259e+00
4.717019734307101864e-01
8.182559227252619305e-01
5.467383437489323761e-01
-1.098231031550739756e+00
1.666679675155621876e+00
1.662285036530978033e+00
-2.073061186082986396e+00
-1.148580719554636476e+00
-1.286587703567507734e-01
1.069265912623836412e+00
-4.349911147083014296e-01
3.305807503237434553e-01
-8.541862753313884671e-01
1.626289023003180345e+00
-1.760299514739312121e+00
-6.073669714634140071e-01
1.062240958376770017e-01
2.924522349372463026e+00
4.374210692477422668e-01
5.145323765580884778e-01
-9.433172060598757902e-01
1.487445636220741330e+00
1.143247875354027610e-01
-5.360253087259856386e-01
8.507479177292915917e-01
-8.215461927113261176e-01
-1.494710110384164681e+00
2.315417697539372544e-01
5.205870639953433798e-01
-2.058334066708366272e+00
-1.828609421664803447e+00
-8.029333645166600864e-01
1.208904722551683797e+00
-1.101557755116094217e+00
9.206926090407310248e-01
1.384471770070701213e+00
3.450246698039989290e-01
-1.147406910726158635e-01
2.765997250032938837e+00
-1.574787230809238103e-02
-2.792980185231106471e-01
-2.141114815920110548e+00
-2.455656628032443223e-02
-1.659877814078225322e+00
1.348892859872973249e+00
1.200018190504908988e+00
5.059725903843552697e-01
-8.577548647123967029e-02
8.858238459194431869e-01
6.925581419299455810e-01
7.476039606824118611e-01
1.370268862527292297e+00
-3.853456958662106135e+00
6.652646454265231934e-01
-2.394146328811361801e-01
1.181558473931214603e-01
-1.218158919374381588e+00
-6.365891003345602872e-01
6.638104874296859581e-01
-1.258975177304194171e+00
7.865062127859234753e-01
-1.952137930187120229e+00
1.334515538512427657e+00
1.716383231723948022e-01
-6.850820760279958677e-01
-1.864721653875700769e+00
1.092396283241208854e+00
3.176071151816608484e-01
1.791609264582303185e+00
-3.935191268232838269e-01
8.646524142946669933e-01
-5.784780286846891162e-01
-1.415628594834671183e+00
-1.089595369818339154e+00
3.071318212123812508e-01
-3.239260818027722699e-01
1.540254559114751176e+00
-2.043907814018310898e-01
2.811669621952104237e-01
9.047469831028738252e-01
2.586484322284947623e+00
1.195434315972199180e+00
1.046567190787649038e+00
1.523899919814483805e+00
8.630280824671416884e-01
-8.541227229133621091e-01
1.546207931517144640e+00
1.649460369078912247e-01
1.165935269767507387e+00
2.358868176880358103e+00
5.676608125486164447e-01
1.107000726393107426e+00
-1.119181892324534910e+00
-2.053230952774474094e-01
-1.189195337907838601e+00
-2.254092019277798009e-01
-1.443277380964025136e+00
-5.695917800647709583e-02
-9.776530230922828579e-01
-2.692279006832194455e-01
1.782301332833801988e+00
-2.475751621228351240e+00
-5.511783475300151558e-01
-3.220434613942775304e-01
4.914919285945218430e-01
-1.193251101592517349e+00
-4.882366250265794960e-01
1.218345241253488753e+00
-2.043651218590098573e+00
-5.904155183905543947e-01
6.711924227583916380e-01
-1.255071871131885564e+00
-1.233762403333231727e-01
-2.381437962043664314e-01
1.555355496967170126e-03
9.068351031492531966e-01
6.231309693483777501e-01
-1.119700334830753263e-01
1.546837313622088539e+00
4.743481737726877867e-01
2.702465945182519480e-01
9.481995145085018173e-01
-1.325952629150015216e+00
1.617946045730955795e-02
-1.267475532368695923e-01
-8.617786684771762129e-01
1.385626370977008470e+00
-2.587895657228889146e+00
-1.565298393783740138e+00
-2.055173924107547734e+00
4.294052459197681415e-01
-7.077538715206883602e-01
-9.428276307059473282e-01
-1.045578136251227308e+00
3.440556275955188870e-01
-2.235807077215277161e-01
4.961171664566761397e-01
7.587795506396224354e-01
-4.591591833343990903e-01
-2.169494034730945931e+00
-9.823957703720198609e-01
-2.262776754945364566e+00
1.544787666074514121e-01
6.978425629103544026e-01
-1.824681724284186179e+00
-1.344907990311882351e+00
-9.852347707861963677e-02
7.163333980536721324e-01
4.465936514964456983e-01
6.734308776110549122e-01
-2.406063546230673644e+00
-1.623663022412401125e+00
-4.718272129529332837e-02
-2.817992453935653785e-01
1.121593384611377697e+00
1.118506103531081264e+00
-9.846311229906496987e-01
-9.734424409237409925e-01
-4.936983527965899121e-01
-4.950025441336542986e-01
-1.219953488129132957e-02
2.725228323729100843e-01
1.276430370125942959e+00
-4.394093832851697634e-01
2.385521212313233885e+00
-8.449893740486698057e-01
-3.761785054680106821e-01
-3.424519270566357410e-01
1.487761507573496456e+00
-4.018846003672584821e-01
1.536960078600641211e+00
2.198003258316730602e+00
1.587197566627618350e-02
-3.765107388797210852e-01
-5.119662837564336044e-01
5.304200426684937408e-01
3.619865229932028861e-01
7.320716317312840893e-01
3.799989793172111607e-01
3.317043151634326392e+00
4.069509812154408213e-01
2.131472275724434873e+00
5.389621831926045825e-01
1.251966270081044330e+00
3.550579670704929747e-01
2.539811075214548630e-01
-1.795104845310957487e-02
-3.597471997788614928e-02
-2.976783301296161977e-01
-1.846533058864929799e-01
-4.330482006986293708e-01
4.660200568766983409e-01
1.583420557140343021e+00
-1.129793359067250424e-01
2.195371665439402875e-01
-2.770052071962382456e+00
-2.207869294452109443e-01
-6.484649574183036780e-01
-5.033127607886120902e-01
-1.110785151992956798e+00
-1.260022766197779198e-01
5.581342542199529966e-01
-7.177687222380391141e-02
-9.016915572687222991e-01
-1.857718200478039261e+00
4.091626781265234047e-01
-6.269087974670528585e-01
-4.374004753730162953e-01
-7.437543985802506086e-01
-1.157680832685541006e+00
-2.103629007046121657e-01
1.119226255804788739e+00
4.007775910296735855e-01
1.317941034723275395e+00
