-4.940223236481842140e-01
5.371569817326105056e-01
2.590613579589733373e-01
1.350065785885349978e+00
6.113468414537548412e-01
-1.163716932362547141e+00
-5.374806943507197676e-01
1.372347918086380680e-02
8.099877130390886748e-02
2.382627523841527761e+00
-7.705577779265728733e-01
1.714827777488907579e-01
1.892430881340672055e-01
-7.316719241526215001e-01
4.090482390521785749e-01
-3.983674299452855116e-02
-2.662888905514808613e-01
-1.871057239497051494e-01
1.402932930321835414e+00
-1.544761358532944051e+00
-9.937414326623306149e-01
1.238587505956116885e-01
1.083560687907866749e+00
-1.118771699447653756e-01
-3.526627062157543513e-01
7.010489111221394065e-01
8.991638545122049297e-01
1.003823554795748585e+00
6.919416966998948038e-01
-1.445810147197940765e+00
5.145434378656406071e-01
8.453249736308163786e-01
-6.426578061787047158e-01
-6.095832597716199786e-02
-6.411920521465297451e-01
1.009958321750854759e+00
6.826993953602762399e-01
-1.412670084183547781e+00
8.514635686314082630e-01
-2.509202599592361693e-01
6.194773524413375032e-01
1.255040511799446534e+00
-3.156221111514254662e-01
-7.257643029814329072e-01
1.885464245788881499e-01
2.359977558283576915e-01
-1.937061325653626209e+00
-1.506098383883907044e-01
3.727040521930649053e-01
-9.185223272922924398e-01
5.953478040111095382e-01
1.749003668770220177e+00
-9.524381990929267072e-01
-1.973570036870555544e-01
1.669331825633253441e-01
-3.475487977936351225e-01
1.236755557027611196e+00
-2.306334050981540873e+00
-1.550976591195851739e-03
-4.787036099732668859e-01
-1.312862319190001514e+00
-1.223568013803940202e+00
7.923202562165729823e-01
-3.448896405731027848e-02
2.138523570960098930e+00
7.208415956468638974e-01
-1.719502758864221992e-01
-1.738651616570736635e+00
-1.377593135533976332e+00
-4.296229653139012061e-01
-8.758335427712600207e-01
2.872576992323548239e+00
3.309411002826874171e-01
6.277264778540225798e-02
-3.235809631175731393e+00
1.196298352253241992e+00
1.453909490110333769e+00
4.441129136496240193e-01
1.092185552592975117e+00
3.151856693457584235e-01
-1.924413983533379557e-02
-2.405270642219863753e+00
5.094960821380072336e-01
-2.181065652574353475e+00
-1.230845788474780100e+00
-1.174481460450957693e+00
-2.129531273371139122e-01
-1.279621340637162596e-01
6.026309130163172156e-01
7.028770133858588398e-01
1.682379588442535212e-01
3.875114261230701018e-01
-1.540088893205291409e-01
2.122885232783736420e+00
5.856353055076539693e-01
-2.922947164214544369e-01
-1.322936906268794788e+00
-6.088335402961879694e-01
-1.676368787029919316e+00
-3.116118379636565461e-01
3.278034092757977636e-01
3.002282880563680312e-01
6.029764111363935530e-01
-1.806258414252304156e-01
-3.446427233215441088e-01
-8.840650547401045500e-01
-5.070744820037078604e-01
4.027619211922297549e-01
3.280241427419069211e+00
-1.206395050403283653e+00
-3.058538521764351259e-01
-1.238141583232648557e+00
-4.009303188340715973e-01
1.079226180304111438e+00
-1.284904310531255645e+00
1.133477906045870620e+00
9.591402706682301549e-01
7.402462298805723151e-01
-1.379449563775634324e+00
-1.469067418719055995e+00
-1.704499331476558188e+00
-9.912216881690105730e-01
1.712983900320284247e+00
2.100923556966876493e+00
4.073579672749112479e-01
4.794703448358406117e-01
4.016004673853237339e-01
-9.197487986847900920e-01
3.718030163304344438e-01
-8.162586243046536794e-01
1.937032715192341659e+00
4.580261797296092396e-01
4.246727811026365096e-01
1.171551542402903934e+00
-1.147949395255132732e+00
5.013460209093039133e-01
7.194905014527241960e-01
-1.217817367099027770e-02
-2.971091437639516997e-02
6.354736715449271767e-01
7.125074279545691169e-01
9.761740755784047430e-01
2.671708254901044022e-01
5.366194369386592111e-01
-3.740367565869491262e-01
-9.843333211550020501e-02
9.292820813508748667e-01
1.081379983957876600e+00
-1.372048656996344151e+00
5.356076542004772900e-01
-2.174489560349466721e+00
-1.742937175053075771e+00
-1.308672353318818482e+00
-4.539233677854810356e-01
1.426048455839767914e-01
-8.716141275886750694e-01
-5.578339521832487158e-01
-4.583965491097252709e-01
4.885058047678263460e-01
-7.817604078037940774e-01
1.668779045437671193e+00
2.067294868112059980e+00
-4.794422158625222252e-02
2.096757181816705895e+00
6.445916530242528086e-01
3.603821020232600425e-02
9.987228991183316751e-02
-3.046303574962325733e-01
-9.465971771594585693e-01
2.063446892803961319e+00
2.471478567606881782e-01
6.643678164972395273e-01
1.537155130193111230e+00
-7.278798192583004756e-01
4.519732814962318379e-02
-8.583580680375151317e-01
-9.903110759619078163e-01
-1.773701012230572527e+00
7.704230315234859017e-01
-6.357522628113991825e-01
4.234443677661299255e-01
8.104896413603566163e-01
3.669222623695567176e-01
-6.079399371194502688e-01
-1.881729833692773468e-01
1.415629851043421539e+00
7.266567559227772310e-01
4.645159613585603253e-01
-1.029407354095435156e-01
-5.844112028614389942e-01
-1.213567801336473462e+00
1.126114366054555616e+00
7.348557788540288627e-01
9.961707992492185859e-02
-3.580736635397847589e-01
4.547211466033054261e-01
-8.749607315254215312e-01
-1.277273478966229225e+00
1.355270805668583822e+00
-3.851282326037290815e-01
-5.569100007848080125e-01
7.819667316883924801e-01
3.202122997461573917e-01
-4.409875595710850416e-01
2.504316597796198973e-01
7.976278058571668605e-01
-1.389205625942251388e-01
-6.182839248255560527e-01
-7.908059574553731874e-01
-3.670269073242817814e-01
-2.245025033817700688e+00
-3.105187874299453199e+00
-2.247442569088673459e-01
1.375377373339842890e+00
3.032588999980496691e-01
-9.972679525766896536e-01
3.637589166055410494e-01
2.123345133762006842e-01
1.412161176149246966e+00
1.758533959691731541e+00
-1.168939138613851458e-01
-3.658831252476844043e-01
3.083904932976746505e-01
7.540208837588993074e-01
7.915431828585850482e-01
-1.592935889338502609e-01
-1.923057910641994050e+00
5.740520294475561780e-01
1.365762626841298122e+00
3.004251665585533360e-01
-1.365896438689551129e+00
-1.750823644809061719e+00
-7.859889129006036868e-01
5.110603390242489663e-01
-2.862921701179856893e-01
-2.185802150229516627e-01
-3.896627564809402866e-01
-1.042933316281250189e+00
5.693938421266453442e-01
-2.290330465054240427e+00
1.072467911309292310e+00
4.619880450961080243e-01
5.206898768728753790e-01
-2.820559722919768753e-02
-8.176724810232860463e-01
4.483933369953607695e-02
6.281711585948390741e-02
5.293337289951554059e-01
-2.138064243701558453e-01
1.397700797494838110e+00
-5.056942904801007277e-01
1.789397539817285665e-01
-4.849215582574206707e-02
1.630219718779068572e+00
-2.521788667057478506e-02
6.292598380312055539e-01
-4.550938286058521243e-01
1.460643366193321580e-01
9.012711067796654874e-01
2.898865413230322652e-02
-1.245387355959568731e+00
-8.910221547444765466e-01
-5.209585257877602515e-01
-7.241756746750591667e-01
-1.826518699056566497e+00
