7.360148279581379960e-02
2.275622103807052987e+00
-6.056919571390122492e-01
-1.446887292231491262e+00
1.867382325353563743e-01
-9.397446931269703985e-01
-1.827416796465216597e+00
3.132131004552385356e-02
6.879150917600540538e-02
3.686031226031967201e-01
7.690270366002351921e-01
5.303953764756208500e-01
-1.137588448386188666e+00
1.864311620532865810e-02
1.180638950104351270e+00
-3.007986117890186772e-01
-1.624767627743004095e+00
-1.446259898399087529e+00
1.360026891326730381e+00
-2.576432492001994312e-01
-1.166367278889957060e-01
-5.050965928940913674e-01
1.158823221604015075e-01
-4.471583343078313622e-01
-4.379412131086208859e-01
-8.623068574408732090e-02
-2.519888154714373663e-01
1.383409346328153378e+00
2.135830167385133205e-01
-1.573193868770510484e-01
1.329834326358892760e+00
-6.893213250423357863e-02
-9.026061320796574527e-01
-9.276892679927397634e-01
1.072375265128524102e+00
-1.693329904318856993e+00
-1.608458225654203932e+00
4.311192169844746402e-01
4.123902995412325190e-01
9.497995591175454333e-01
1.752140484186656355e+00
-1.106259748381086316e+00
-7.142190580032998781e-01
3.268590999765268457e-01
-1.735059851303364375e-01
8.512025451602887038e-01
-1.273001046652971313e+00
-2.448663893163637528e+00
-9.336711163262561008e-01
-3.447929888809060373e-01
1.640825919828130530e-01
-5.507911295808618490e-01
1.366790735018994507e-01
1.309329746020023499e+00
-8.153737642743541514e-01
-6.745892637633112976e-01
1.987580531201291523e+00
1.525027320974521539e+00
3.202787768873900376e-01
6.279857301573585904e-01
-1.643087253968724237e+00
-4.351190840517478176e-01
-1.448524853325981798e+00
3.816921841150688888e-01
2.143168610725425971e+00
-1.577494560921264277e-01
-3.244162136989621192e-01
-1.475017513133765279e+00
-1.217474963935912813e+00
4.943650028209085612e-01
5.565548609668280466e-01
4.265304914007204129e-01
1.400082379590312787e-01
-1.087640286146495772e+00
2.410509383997685440e-01
1.016675090853962349e+00
-1.795935825134245434e+00
9.718247977611909061e-01
-1.031805868991128472e+00
8.587929228829132011e-01
-2.939335014460418005e-01
-1.188402688571952970e+00
2.981925391288076099e-02
-7.344540579802600888e-01
2.183822470969596363e-01
-8.075573192906084774e-01
1.386046140683350192e-01
-1.037617779218419800e+00
-4.915515194014365985e-01
4.893856420488624792e-01
1.832417081281954019e-01
-1.354625044804273148e+00
1.087301891270354481e+00
6.564569742162491561e-01
-2.726532709123670184e-01
-2.530292909406268720e-01
1.418155246429273930e+00
3.699096145884936959e-01
-1.729800291883365704e+00
-6.455086037634749641e-01
-9.959794003926429884e-01
-1.087976957307084103e-01
-7.724174089361421913e-01
-4.263866483756399983e-01
6.781748386134480722e-01
-2.440794935377617048e-01
1.517254791321867469e+00
1.427991917115239762e+00
-1.082276197307654453e-01
1.041830409480819508e-01
-8.571879932078658726e-01
2.478688058995340171e+00
-2.112405748668038097e-01
-1.440125527709366748e+00
8.673410795694065367e-01
-1.069759043963858458e+00
-1.444073150030751762e+00
-9.781154129650193596e-02
7.143987100753925734e-01
-1.496444391461917434e-01
-1.526214427726064526e+00
-2.084781677991494053e-01
1.754942653313176226e-01
-1.781327482930001427e+00
-2.052430191862553155e+00
1.246864416507633910e+00
1.838830713449796983e+00
-4.291288403501178905e-01
-8.302035180932192393e-01
-1.059419054463573096e+00
-6.543947369337124176e-01
-7.604416899518651185e-01
-2.380662098184571640e-02
5.186965128080118781e-01
-5.932269491719359689e-01
-1.048407859241382578e-01
2.349911846608194743e-01
4.407267938207439784e-01
-6.005965659476490970e-01
4.909507503513228510e-01
1.038080046771665099e+00
-8.236888375153794684e-01
3.234741198205999257e-01
-3.648293392217583087e-01
2.498133691543471535e-01
-5.717222271444921677e-01
-1.651388372670363758e-01
9.372250998035742686e-01
-8.122342472646164602e-01
-1.713955202032801939e-01
-2.373816163794388867e-01
8.374468364643956608e-01
6.221252545455315808e-01
8.960871101933911564e-01
-2.832305561419377060e-01
1.065800459002987921e-01
3.291547703599284613e-01
-2.060788193685838543e-01
-1.266375207965715344e-01
-1.157917940353923703e+00
-1.043231664568894379e+00
-6.276844151560461160e-01
4.604884969987743659e-02
9.436462873961499742e-01
6.999135825991937843e-01
2.380997428360394075e-01
5.130779456133891525e-01
-9.997680222740790157e-02
1.358860913059621867e+00
-5.982908409298293151e-01
-8.871926027431100703e-01
-2.691413845440482344e-01
-7.791825420081917031e-01
3.855095543167965655e-01
-6.277483242951846787e-01
-9.931931930844841716e-01
-1.420395833184429080e-02
-6.116076934630838569e-01
1.033638231455674683e+00
1.769743688325573938e+00
-1.134542992339064194e+00
-1.703808005918529211e+00
-6.049749397668138240e-01
-1.240171812860250355e+00
1.153599229661463887e+00
-3.263725390679304006e-01
-1.500751234148879343e+00
-6.174047046742359157e-01
-5.344287329253496477e-01
-1.286780470807541654e+00
-9.441127346022597511e-01
2.682037999867648015e-01
8.382842761754212280e-01
9.002116508732231903e-01
-7.343459698902341515e-01
1.688340251596916364e+00
-1.254124950006963557e+00
-7.571351406833388697e-01
1.194284492868268543e+00
1.618550371412141420e+00
8.204169668911365232e-01
-1.708055643563673343e+00
7.008522020945806563e-01
-3.817316394590137829e-01
6.165709104465164625e-01
5.930580368677114134e-01
9.105844343848714662e-01
-2.430808733255123144e-01
-1.082641675308397833e-01
-3.268023732380529456e-01
-1.712260815953899007e+00
-9.956604565554501018e-01
-1.010251677646443857e+00
6.778861099904609500e-01
-1.491056743689415764e+00
3.795996068674822865e-02
5.571848564659895864e-01
8.487376158879416099e-01
5.177675446165577178e-01
7.810427768305170382e-01
2.196003003098834228e-01
9.297156692124979305e-01
-1.084440214430494764e+00
-2.244433977500408517e-01
1.174305396128336731e-01
2.740625731836463519e-01
-2.215336716014768559e-01
-1.045548054158879747e+00
-6.431031738354620053e-02
1.025974191298744120e-01
-5.148616214874044417e-01
6.420666842967643895e-01
-1.422892410808133112e+00
2.106659525845766989e+00
-3.123532192753213366e-01
-6.018591314112977653e-01
8.505101667340975169e-01
1.267278205755290266e+00
-5.529608013927518329e-01
-1.030789149583657860e+00
-6.659389265793280721e-02
1.961699850862874683e-01
5.338168741709623522e-01
3.859233364048799686e-01
4.200915292876508111e-01
-4.884936333380067719e-01
-2.990881253680546248e-01
-1.051739029304531892e+00
4.297636215031155338e-01
1.059441464669884425e+00
-1.408107769355031014e+00
3.283986538334391359e-01
1.127753690183152635e+00
1.532461047776885632e+00
6.351745470878711330e-02
2.451982546879973857e-01
5.269165871989640593e-01
6.037848280000019940e-01
4.830132897477334986e-02
-2.542624791551426178e+00
7.619085628124047105e-01
-8.367497519174771359e-01
-8.731364800209364674e-01
-3.273808480818072297e-01
4.527592337206276518e-01
