
1 26.492419426484037 24.365822031373913 66.20090734553948
2 36.93809916188037 22.33278830610676 66.20090734553948
3 36.86701211628901 24.700397507362577 66.20090734553948
4 41.28943360634236 18.343189987968408 75.40901301948914
5 38.69699722915852 18.76684365103479 84.22873816020955
6 40.72219764282744 20.189969790663927 86.82405089685369
7 44.46798155462322 19.20984601692185 75.40157804100163
8 38.664753954331744 19.232353159243434 75.4825471035353
9 39.473705042699336 19.188676921131172 66.20090734553948
10 35.620178841582316 18.53509178445794 66.20090734553948
11 37.84745952504331 18.590508049606836 66.20698639161586
12 40.2958368591892 18.647594913747632 86.00307034478386
13 43.0392252665593 19.47397224433417 88.9335319430667
14 44.79545421958451 18.494208109549454 86.00307034478386
15 41.035961288118834 21.069909093643933 88.9335319430667
16 45.913718966624195 18.574440863982957 84.81998334634743
17 38.04033325290569 19.658749094022347 88.9335319430667
18 39.14818782436248 24.22346409736505 86.00307034478386
19 42.34795731617557 21.847116167965996 87.44742736117436
20 46.06548378718304 23.359774919226716 87.44742736117436
21 42.992414442386895 24.301368413073376 88.9335319430667
22 36.43530269239297 26.286571619055024 87.44742736117436
23 38.48450218407983 26.773375804750128 88.9335319430667
24 43.09493228969096 24.49389950708862 87.5335319430667
25 42.68369228453795 23.986198943041902 87.5335319430667