
1 31.45185241571186 30.802043170542625 86.56627799644576
2 30.301039450505897 28.007515724384923 86.38687189361193
3 35.91530127019579 25.293175730354186 75.4316554962389
4 36.98125205535405 24.586060988659817 75.4316554962389
5 39.65413821521101 23.181142861459772 85.24562995920265
6 38.75246720975091 24.40369278868758 86.22784596782223
7 35.969933377097 23.808467061523178 87.16755198344948
8 41.052113597789365 23.03893798358811 86.38687189361193
9 31.641325688207623 23.47999797985759 86.8825471035353
10 32.00800727771821 24.90901569541633 86.8825471035353
11 36.05022091414095 26.540183347611883 87.63668519596536
12 41.13279918732074 26.014021721322806 86.22784596782223
13 43.23361586371013 26.56573605065855 86.8825471035353
14 37.61933266783922 24.31318950775835 87.96755198344948
15 49.35783938662205 23.23818627907421 87.09372471305198
16 42.190151232837735 26.661372189409416 89.4117358769174
17 42.268173899394185 22.842581429652977 89.4117358769174
18 47.83438824534661 20.85115761664253 89.4117358769174
19 47.4538865831144 22.991889932356067 89.4117358769174
20 46.234495548210205 19.01931883929479 84.60968459414686
21 50.47083729882283 19.088635040944496 87.23248350911166
22 45.582070590775245 22.348717543923012 89.11778108962356
23 46.46181516447702 20.940656990973263 86.77105438238979
24 46.906632267767634 24.08764997694959 86.97959913428285
25 48.06399187206131 24.96053209686029 88.14233241211737