-3.924638586816320274e-01
4.724368981290455460e-02
8.813226870206202213e-01
-1.000000000000000000e+00
3.301733896749050046e-01
-2.752202966997305822e-01
-4.728012303447866604e-01
8.221861450879637268e-01
1.306791567412496358e-01
2.765053610575999854e-01
-7.925692150458844010e-01
-4.465889614107818595e-01
5.649061019218577506e-01
-4.912083152186191293e-01
-1.000000000000000000e+00
-5.544320783978027301e-01
5.348472499604169927e-01
-5.801561878066324729e-01
-1.153575626270813698e-01
1.299026944464990174e-01
-1.000000000000000000e+00
-1.413375602815182819e-01
-2.647689543819622404e-01
4.016490064175321506e-01
4.936178551568734529e-01
-1.000000000000000000e+00
-2.982922777950859361e-01
-2.141077650321220882e-01
-5.922505423745486608e-01
-3.579555397267040751e-01
9.301793947959289266e-01
-2.332734066989590738e-01
5.636777107193384762e-01
1.841452091647171052e-01
-1.000000000000000000e+00
5.950209961388549518e-01
-4.084635813310603103e-01
1.568349247934822666e-01
7.733608632732131838e-01
1.000000000000000000e+00
1.000000000000000000e+00
9.441607401122661947e-02
-1.000000000000000000e+00
-8.497721784139250500e-01
9.569732698228577972e-01
1.000000000000000000e+00
-7.136483621395611765e-01
-9.777669196365398330e-01
7.021267799762656026e-01
1.000000000000000000e+00
8.941168568238694325e-01
-1.000000000000000000e+00
-5.123131177314003970e-02
-9.933204823594827815e-01
-2.665173908452553309e-01
8.848048969033717182e-02
6.583868218539912220e-01
3.807456481401841897e-01
1.494227670525870300e-01
6.340349976994879011e-01
-6.807801467111472826e-01
-2.082445849829364370e-01
1.000000000000000000e+00
-7.082467445952400631e-01
-4.009703153874407122e-01
9.744033207348350434e-01
-9.035748782986920968e-01
-6.702599542823878265e-01
-9.032241603019237619e-01
-1.000000000000000000e+00
-9.976857703829165036e-01
6.023980380708232607e-01
1.065517012682437592e-02
-3.566253041331642892e-01
3.496628283054911690e-01
-6.148362901086463772e-01
-4.721716065481862401e-01
-9.090700595171279375e-01
5.988969723585368943e-01
8.147540499759464705e-01
1.000000000000000000e+00
-2.666456929406243459e-01
-2.789411205508375916e-02
-5.639091256129974417e-01
1.000000000000000000e+00
6.861253213178986066e-03
-1.393405070261784229e-01
-1.000000000000000000e+00
-2.168131308228332388e-01
2.368534671359115440e-01
4.096709368809491325e-01
-9.685027883708380303e-01
9.198386280369390544e-01
1.000000000000000000e+00
-5.267422456829141675e-01
1.000000000000000000e+00
-1.479192378984134359e-01
1.000000000000000000e+00
-8.452654228837460648e-01
-8.562891041411878623e-01
2.793659416721763072e-02
9.541434638403571977e-01
5.924645584675667376e-01
-6.036810436786889111e-01
8.458540198973061308e-01
3.717188024328211826e-01
8.540419622244315168e-01
-6.862808931469989160e-01
5.517843530050638989e-01
-1.461041089994161712e-01
-9.914137794362889444e-01
1.000000000000000000e+00
-5.258964769752328960e-01
-2.501220763005151948e-02
-9.634935663996068156e-01
-2.794387176666811579e-01
1.000000000000000000e+00
3.474355253344788563e-01
7.911207783547204997e-01
8.619992199214245865e-01
1.284439180230361466e-01
-2.535604015150256241e-01
-8.834943056239109582e-01
2.818780941113271377e-01
8.327206272882936577e-02
-1.000000000000000000e+00
-5.770786955166677945e-01
3.792608632963933579e-01
-8.478643324661380154e-01
-1.756218544561132799e-01
1.037686339627622717e-02
-9.103938133600966154e-01
-6.191072698063054824e-01
4.479242428192610759e-01
-1.329064498461145494e-01
-9.119926101454283174e-01
9.878417009981278474e-01
-5.203122273235382123e-01
-1.280371945232418596e-01
-9.189133441227460564e-01
-9.583397990452172666e-01
6.760386549827273051e-01
-9.785748629061656878e-01
-8.090924497389100079e-02
-3.326337893944025237e-01
-9.399607959052176387e-01
2.765785553572779748e-02
-1.000000000000000000e+00
1.000000000000000000e+00
-3.535792021837284582e-01
8.076025342614173708e-01
-7.229091831951559577e-01
5.271262747728722164e-01
-8.220626921380538854e-02
8.251062696060351698e-03
8.680966954224769161e-01
7.894893210252326154e-01
-1.000000000000000000e+00
-1.160444821217185146e-01
-4.871757085933376974e-01
-4.491537926738377040e-01
3.947357259813030206e-01
-7.085710769435403789e-01
-9.206107545070795206e-01
3.885230623336275446e-01
-4.026986984724277296e-01
6.794821127056138721e-01
-9.343377384451696521e-01
-4.982474533264401595e-01
-5.508305519045598730e-01
9.846473383756466635e-01
-5.532767538465157564e-01
6.837792394968390530e-01
1.000000000000000000e+00
-9.992974657444533282e-01
3.367670024187396915e-01
-1.000000000000000000e+00
4.834930576562573856e-01
-2.309962674558680984e-01
3.732852003933027629e-01
8.802651281798637983e-01
-4.827492156688563685e-01
8.581699770643927971e-01
3.922401288952178100e-01
-9.624285863157899801e-01
-8.515194144116299269e-01
6.786960721623158665e-01
-3.722232095047805500e-01
-3.470449720546255890e-01
1.884190394589475015e-01
-1.591740708456136355e-01
-1.000000000000000000e+00
-5.083805513852763802e-01
5.170761727172550337e-01
9.114913396979725801e-01
-8.752315449335171804e-01
9.358676517584621490e-02
-3.800756288024593199e-01
8.303000291673109379e-01
1.307044571812825962e-01
2.943050381234727508e-01
7.352477090502869128e-01
-1.254122810594631432e-01
-6.760836793809150702e-01
6.465747214534401932e-01
-1.000000000000000000e+00
2.430133681232845566e-01
-9.242462947915077720e-01
2.027272059085101774e-01
-6.367300644419336964e-01
-5.005672284824187468e-01
-4.032942492167992943e-01
-1.000000000000000000e+00
4.526429036789350602e-01
7.557932318797923044e-01
-9.111384698087182654e-02
3.905309991447469264e-01
9.721790297845236406e-01
5.924505284580972031e-01
-4.318618919068586415e-01
-3.257133900703066409e-01
-2.276473996938083444e-01
1.908761652907241535e-01
-9.201609068073800524e-01
-1.570769598603999340e-02
-9.605214204720849969e-01
-1.000000000000000000e+00
3.420801030680128418e-01
9.421328391337447927e-01
4.496001123643765807e-01
-1.000000000000000000e+00
7.012612835229482533e-01
-3.776112711975402325e-01
-2.881374674173027284e-01
8.157030002131279156e-01
-2.091311708353918442e-01
1.000000000000000000e+00
4.861328467613079685e-02
-4.003717356141190398e-01
-6.138564649293662967e-01
-1.000000000000000000e+00
-1.473854841937537463e-01
-6.514339951618217661e-01
2.267540911452120556e-01
-4.758851870968923703e-01
-2.618853738294126821e-01
6.599066247670337670e-01
1.000000000000000000e+00
4.439523153480485207e-01
-2.010656229043200627e-03
1.096039717585839401e-01
6.441880886615428681e-01
-9.400405398906752641e-02
-9.646932786280782990e-01
5.330445542884341137e-01
1.000000000000000000e+00
-9.058007646016883463e-01
3.114817590267465186e-01
6.393824415022570928e-01
-3.344260922572648287e-01
7.455834486486621060e-01
8.866901614034055079e-01
6.338247006764738956e-01
1.000000000000000000e+00
9.549811522875419900e-01
