-6.134510087684663660e-01
-7.243055239522278033e-01
7.138495148737913354e-01
7.565281758842259396e-01
1.000000000000000000e+00
-1.000000000000000000e+00
-1.000000000000000000e+00
-1.000000000000000000e+00
-1.000000000000000000e+00
5.984558407443998362e-01
-6.479001264476279554e-01
-3.334801767412098883e-01
-1.000000000000000000e+00
1.104203354631673184e-01
4.072301613649900176e-01
8.616572283906374086e-01
-3.176851826155654979e-01
-1.000000000000000000e+00
1.000000000000000000e+00
2.768917139645645786e-01
-1.000000000000000000e+00
1.735424479523990371e-01
-6.015181822352838603e-02
-1.000000000000000000e+00
-4.339524776493152158e-01
3.284072536651523322e-01
6.517497111090913009e-01
-8.883107364463158628e-01
1.000000000000000000e+00
1.000000000000000000e+00
7.329913422595359940e-01
1.000000000000000000e+00
-1.000000000000000000e+00
1.000000000000000000e+00
3.228097288149807120e-01
-7.844175001006110648e-01
-1.000000000000000000e+00
-2.222287806573630675e-02
1.000000000000000000e+00
1.000000000000000000e+00
2.793434490775215107e-01
-5.363394414680211497e-01
-1.000000000000000000e+00
-1.000000000000000000e+00
-1.000000000000000000e+00
1.000000000000000000e+00
-1.828837142964788720e-01
-8.631667521731638537e-01
-1.000000000000000000e+00
7.578180303067504342e-01
7.736768528221098506e-01
-1.000000000000000000e+00
-1.000000000000000000e+00
1.000000000000000000e+00
-1.000000000000000000e+00
-1.000000000000000000e+00
1.000000000000000000e+00
-1.098584170913692315e-01
7.891201645549549282e-01
7.742074143068511383e-02
-3.940081432892804658e-01
-7.063413781384446644e-01
1.000000000000000000e+00
-1.000000000000000000e+00
5.366956927148296419e-01
-3.177594476727850781e-01
1.000000000000000000e+00
-1.000000000000000000e+00
-1.000000000000000000e+00
6.845585306982127083e-01
1.000000000000000000e+00
-8.779634135181610954e-01
8.794560123056269774e-01
8.401472639129115016e-01
1.000000000000000000e+00
-6.823487634667058099e-02
-1.000000000000000000e+00
-2.960226154312742830e-01
-5.074891491128075138e-02
-3.131905127479793771e-01
-5.015510145901940220e-01
5.622025340391463288e-01
-6.796930201085188417e-01
-8.701991300156902698e-01
-5.907094470883964554e-01
1.000000000000000000e+00
1.000000000000000000e+00
-1.000000000000000000e+00
1.652801974616283087e-01
1.000000000000000000e+00
1.000000000000000000e+00
-2.542506621650954535e-01
1.000000000000000000e+00
9.330546106404136175e-01
5.799423907087319918e-01
1.000000000000000000e+00
1.000000000000000000e+00
1.000000000000000000e+00
-1.000000000000000000e+00
1.000000000000000000e+00
1.000000000000000000e+00
-5.040073409136766047e-01
-6.414922994622023200e-01
-1.000000000000000000e+00
7.861961961847274694e-01
1.000000000000000000e+00
3.606548506580657953e-01
-1.000000000000000000e+00
9.699204183778313837e-01
-1.000000000000000000e+00
1.000000000000000000e+00
-5.998065774976124587e-02
1.000000000000000000e+00
7.358590954904296044e-01
1.339046323220816070e-02
-9.730766393148513327e-01
-1.000000000000000000e+00
-3.126657608650229014e-01
3.368321326691489093e-01
-9.611297116868195989e-01
4.997807211838576347e-01
1.000000000000000000e+00
-1.000000000000000000e+00
2.205588066114999579e-01
1.000000000000000000e+00
-1.000000000000000000e+00
-1.000000000000000000e+00
1.000000000000000000e+00
2.694577262856701072e-01
1.000000000000000000e+00
5.676375172204765063e-01
-4.115917809661182591e-01
-2.763067061167356897e-01
4.477021557083118442e-01
3.584748742275900013e-01
3.980656693387201184e-01
-1.000000000000000000e+00
6.960347350796449728e-01
1.742876762916645283e-02
-5.062486513594339765e-01
-3.677425923157534582e-01
3.970602644549697802e-02
-4.684643278166200631e-02
-1.000000000000000000e+00
2.536898227010777607e-01
2.484809960606813029e-01
5.751106784141353234e-01
-1.000000000000000000e+00
-4.935324901644388973e-01
6.238903473738255379e-02
7.693245440581865102e-01
1.000000000000000000e+00
1.664469282402028516e-01
1.000000000000000000e+00
1.000000000000000000e+00
1.165829268175312405e-01
-1.000000000000000000e+00
2.476117664754448056e-01
-1.000000000000000000e+00
2.720839604152933688e-01
-1.000000000000000000e+00
-7.037510275666236659e-02
1.790621438442032143e-01
5.412267485693870173e-01
-3.607446680025305774e-02
-1.000000000000000000e+00
-1.000000000000000000e+00
-4.760333649294297143e-01
1.377882699046116266e-01
1.000000000000000000e+00
-5.238548920162833245e-01
-3.863235429843834834e-01
-1.000000000000000000e+00
1.000000000000000000e+00
5.052336024513128798e-01
1.000000000000000000e+00
9.580660415407060704e-01
-1.198094144703021335e-01
1.000000000000000000e+00
2.404412762738922238e-01
-6.222139125762060630e-01
-1.000000000000000000e+00
-1.000000000000000000e+00
-1.000000000000000000e+00
-1.000000000000000000e+00
-6.541265114893863863e-01
1.000000000000000000e+00
-8.819403753580973282e-01
2.391597758705653609e-01
-4.158721845415464524e-01
-6.378579067511822576e-01
-1.842465249833396546e-01
-1.879926078670193235e-01
-1.000000000000000000e+00
2.098303513968929335e-01
4.372613036494665817e-01
1.824987017833865632e-01
-1.000000000000000000e+00
-1.000000000000000000e+00
-5.575205385030781446e-01
1.182897467673056369e-01
1.000000000000000000e+00
-1.000000000000000000e+00
-6.840159805003516169e-01
-1.000000000000000000e+00
-1.000000000000000000e+00
-2.504515806541074419e-01
1.000000000000000000e+00
1.969407875295408061e-01
-1.000000000000000000e+00
9.390338348113009825e-01
1.000000000000000000e+00
1.000000000000000000e+00
-1.000000000000000000e+00
7.565355513474908422e-01
-1.000000000000000000e+00
-1.000000000000000000e+00
1.000000000000000000e+00
1.000000000000000000e+00
1.000000000000000000e+00
7.834092985308016566e-02
-8.595804305007143098e-01
1.000000000000000000e+00
-1.000000000000000000e+00
1.000000000000000000e+00
-8.655526011534251385e-01
2.396338971767997261e-01
-1.842898167785684826e-01
1.000000000000000000e+00
-2.569543183274444753e-01
-3.182787770903239277e-01
-4.318517884701086329e-01
4.068227139567492934e-01
9.888564585593978551e-01
-6.437203054771520883e-01
-3.719860133472560060e-01
1.000000000000000000e+00
-4.707830837891759934e-01
7.948773328097513691e-02
1.583310984714282887e-01
-4.208607943395392681e-03
-1.000000000000000000e+00
7.332607858570301396e-01
1.000000000000000000e+00
7.712055549105598651e-01
-1.000000000000000000e+00
-1.000000000000000000e+00
-2.775548674479146882e-01
1.000000000000000000e+00
1.000000000000000000e+00
1.000000000000000000e+00
-7.172867266893127036e-01
-1.000000000000000000e+00
-1.000000000000000000e+00
4.761067213047218694e-01
1.263312398653446689e-01
1.000000000000000000e+00
-1.000000000000000000e+00
8.380771615675868258e-01
8.083026286259341331e-02
-1.000000000000000000e+00
-3.789116904932929852e-01
-7.711089069305372412e-01
6.073881880851363935e-01
1.000000000000000000e+00
