-1.000000000000000000e+00
-9.835685596203623815e-01
-3.632560725546619684e-01
8.780470319150941449e-01
1.000000000000000000e+00
4.390512012339977121e-01
-2.477058298203121955e-01
9.485389146266099969e-01
1.000000000000000000e+00
-5.318539905206576268e-01
6.375414253170370582e-01
-1.000000000000000000e+00
-4.486504422966433592e-01
-1.000000000000000000e+00
-2.397172852427436052e-01
3.433287811101106701e-01
3.270074717636316519e-01
-4.801472244015256297e-02
-3.614167840374916674e-01
7.868694264961964002e-01
5.637423645615358136e-01
-1.313505739616766532e-01
-6.991560592372878524e-01
-4.469700104053273004e-01
1.893416571592753117e-01
7.524353533460590437e-01
7.690263529209087068e-01
-7.433742890507155643e-01
3.252761942388503469e-01
1.000000000000000000e+00
2.922396460589694600e-01
-9.555200936422242330e-02
-9.111719830535531806e-01
3.716323773399312635e-01
-1.000000000000000000e+00
1.316115940517791627e-01
8.108020218785733091e-02
2.256613837880379059e-01
-1.324178774839357420e-01
-5.369405945966047033e-01
-1.000000000000000000e+00
3.667445719810018545e-01
-2.240905441826505085e-01
3.045984097090303488e-01
1.000000000000000000e+00
7.373771377747472267e-01
-6.616507643256329674e-01
-8.048513298512145475e-01
1.215524371526696124e-01
-5.211939475051016735e-02
5.752842665895892271e-02
6.699857501660377856e-01
-6.672529282179749943e-01
-1.937689525878753122e-02
6.175280159363520927e-01
-1.000000000000000000e+00
-7.271347915003594231e-01
-2.047752010484260587e-01
1.996158246996340146e-01
1.000000000000000000e+00
-7.707389342202419433e-03
-8.631063012146127367e-01
6.663634549107307903e-01
8.158178285380588424e-01
-3.578682897859782885e-01
-9.858893527455698802e-01
1.000000000000000000e+00
6.444287852351981982e-01
9.807447260027493119e-01
2.378879740487529343e-02
1.042751386327832597e-01
-7.002661694397436243e-01
-3.535265251791970265e-01
-1.283906163627119845e-01
7.509771981263047014e-01
1.000000000000000000e+00
-1.000000000000000000e+00
6.577496997271279344e-01
2.753660410319678231e-01
1.034492931600625165e-01
-1.000000000000000000e+00
5.885920097891997882e-01
-6.551733751995904020e-01
1.540754877155969815e-02
4.264075206086596070e-01
4.505616308339380205e-01
-3.358091726576150071e-01
-7.651856486760084675e-01
-1.000000000000000000e+00
7.865272524358800643e-01
-1.000000000000000000e+00
2.702304285522556526e-01
-1.000000000000000000e+00
5.021573072274730931e-01
-3.111483413754789762e-01
1.000000000000000000e+00
5.884862563416085601e-01
7.840943159495362691e-01
-7.013291977889033468e-01
8.165953883244942979e-01
-8.721139172306336951e-01
-4.392562276916373021e-01
7.500440233287144487e-01
6.326345801399974045e-01
-8.416012416439625499e-01
5.456817660810314718e-01
2.507293783951498600e-01
4.773656497086351536e-01
4.546341800738899069e-02
-2.548328849390304462e-01
8.522945319026633548e-01
3.846831688934196913e-01
8.901060382712533414e-01
4.823970138676992869e-01
1.175850210845053728e-02
-2.663876391418352196e-01
2.087239239185942896e-01
-1.000000000000000000e+00
-5.828899847194664308e-02
-1.000000000000000000e+00
-2.584258919666957977e-01
-7.070735684166773449e-01
-1.000000000000000000e+00
5.981293936433074165e-01
2.533759067899590267e-01
-4.931160308785061952e-01
6.705183071645148818e-01
-7.745079935231340418e-01
6.258142210918415937e-01
1.939765966235809103e-01
-4.002566481237476714e-01
-4.993304360671481090e-01
-1.460845646223448702e-01
1.037139778225570769e-01
-3.015729356317256582e-01
-1.039399229671401637e-01
7.574671791898219819e-01
-7.471578190574659217e-01
1.000000000000000000e+00
5.609447566476125635e-01
-2.515458467047125835e-01
3.029483724685586576e-01
-3.522927600183076158e-01
1.000000000000000000e+00
-8.093299410455747633e-01
-7.715343619130454744e-01
-5.055619750651111355e-01
-1.000000000000000000e+00
-5.129120536497632221e-01
-6.882599928486075047e-01
7.882445409022736937e-01
-3.297825556372771527e-02
-1.000000000000000000e+00
3.431379477042555415e-01
-1.548792801601713842e-01
-6.724613544352677774e-01
-6.242555481651739235e-01
9.775402383727207489e-01
1.000000000000000000e+00
3.153350677116648071e-01
1.000000000000000000e+00
1.373430297559672109e-01
-3.454011223784833051e-01
1.920838057310671476e-01
-8.658625639423925824e-01
-1.220295672201492931e-01
-6.648646275032212838e-01
-1.000000000000000000e+00
3.468820386715260051e-01
1.000000000000000000e+00
2.311011093453568810e-01
-8.082892516540676198e-01
9.354028255553720195e-01
-6.948602254655582566e-01
1.000000000000000000e+00
2.614710430850796796e-01
1.162408597100927782e-01
-8.478685820513606197e-01
-8.440802309906814127e-01
-1.000000000000000000e+00
-1.000000000000000000e+00
-5.165742075585393334e-01
8.123972120319880030e-01
-6.545195893245034924e-01
1.000000000000000000e+00
7.838781745134313361e-01
2.606452563783787091e-02
2.149340572191936749e-01
-8.870121654748552853e-01
1.000000000000000000e+00
8.613550119762666268e-01
-3.385423993145811328e-01
-5.899074153474864746e-01
3.777915244746212209e-01
-7.924665724803645617e-01
1.000000000000000000e+00
6.720738648961921413e-01
-6.123787845632229221e-01
1.000000000000000000e+00
-8.025541426938698208e-01
3.938502823052048574e-01
9.245269095131889436e-01
-4.894721945046977274e-02
5.190605940179031652e-01
6.260553245739721717e-01
4.147813150537321691e-01
-4.497460273380667339e-01
1.000000000000000000e+00
1.192705674522555048e-01
-6.039825236248064222e-01
-1.255387525176722141e-01
6.338280333385293286e-01
-8.086816177398818972e-01
-3.221246937774816521e-01
-1.000000000000000000e+00
1.000000000000000000e+00
5.576217818404135412e-02
7.196496983643219103e-01
-1.000000000000000000e+00
1.047590326670984617e-01
1.000000000000000000e+00
-8.666050090023451613e-01
6.573028459115100031e-01
-1.000000000000000000e+00
9.349972586560013621e-01
-2.382004101140074992e-01
-1.169003548904343492e-01
1.000000000000000000e+00
8.565722977675199745e-01
-2.535140136358227658e-01
-4.765075350738154358e-03
6.771584926145569616e-01
-6.314266276080834350e-01
-4.490897357017744618e-01
8.288455436642583329e-02
4.544910350100827001e-01
1.000000000000000000e+00
1.771346898745979059e-01
9.509080527835762631e-01
7.031626902928440614e-01
-9.824554140181585016e-01
-5.663577600738447515e-01
7.069907631619697375e-01
-3.639701190343043180e-01
8.849096551188678772e-03
1.021373941054448398e-01
-1.000000000000000000e+00
9.081465911996523532e-01
-4.552214629408593005e-01
4.387931445314219303e-02
8.143738840975480731e-01
-5.647508185562248872e-01
-9.293332638118056988e-01
-1.745380955196526029e-01
-5.899088615310515982e-02
-8.194184749128446965e-03
3.069543061056785593e-03
-1.848565189012752463e-01
7.166672960383537738e-01
9.038706764946957684e-01
-4.046438325427091365e-01
-7.936361909872771125e-01
7.373840708001322408e-01
6.456220126273265469e-01
1.924196715126579027e-01
