-2.047786075933144545e-01
1.205423926979672933e+00
1.900182759211472838e-01
5.570970985380758744e-01
-1.627555541622325741e+00
2.240534460546073081e-01
-6.473995215332548625e-01
6.434730724051442863e-01
-3.667529002444567254e-01
3.346309999396097634e-01
9.944860135942870105e-01
6.758745896647024853e-01
-5.026473919631522236e-01
-3.677569104389259991e-01
-1.146641330783328527e+00
1.127254036334865983e-01
2.349749852645749204e+00
1.489305600738810353e+00
9.026877110323454634e-01
-1.940312160487623450e+00
9.807448669360336879e-01
-7.231281732050187649e-02
4.503977405650443355e-01
3.779452340686439982e-03
-8.648615542032582759e-01
-1.439615110171376555e+00
1.198386958219707754e+00
-1.285133308459724510e+00
8.280969669746569561e-01
-6.250276013499791450e-01
-8.723318886127386929e-01
-9.859336576874453417e-01
-1.490069936698932285e-01
-1.384642116369538822e-01
6.082238738631817743e-01
8.191075371249783021e-01
-9.881178424232621715e-01
-1.636866087161509276e+00
1.586604019096715668e+00
-2.351332913113286516e-01
-6.054496606633861244e-01
1.220635090595452166e-01
1.350028859759831557e+00
-6.435204404796377453e-01
-1.504364835555338953e+00
-2.146467280391918031e+00
-8.685871432285652283e-02
-1.925571648699058613e+00
7.847017331887391478e-01
-7.028977078244134091e-01
2.187732549752650968e+00
1.091795104961611029e+00
1.688868784192230521e+00
1.346890019697948082e+00
-1.911088409327227344e+00
-6.747917859696350718e-01
9.639070546850656562e-01
1.960563215743122978e-01
3.333191646500397454e-01
-1.791803253595589007e+00
-1.631399969948985174e+00
-2.065738411128287044e+00
1.120169134856997317e+00
1.742309587377512958e-01
-5.024071006920221016e-01
3.435619509435128283e-01
1.143779982924754579e+00
7.837707994513041232e-01
2.934734579716273828e-01
-6.465191368654688020e-02
6.532133365078578446e-01
-1.817176294283820992e+00
5.831125702967567825e-01
1.311321538707306278e-01
1.359787966535683124e+00
-1.586455984762261018e+00
-3.349112415636343876e-01
6.690688295813578268e-01
-4.400691046601405976e-01
-5.508515945747396447e-01
1.111199372689006593e+00
6.322658367578191108e-01
-9.630669924057846387e-01
-2.566599810763825484e-01
-8.067201228521871936e-01
-5.670677205910898966e-01
9.392811036957497972e-01
-8.509296133462407319e-02
-1.014417403670889950e+00
-7.421736987971090382e-01
-2.756848297506189205e-01
-5.487398338009523702e-01
-1.126855129363126817e-01
5.243589071126562029e-01
1.092927549689901578e+00
-1.684765347554384007e+00
1.419631830790847982e+00
1.009735490873798991e+00
-9.558918779105274321e-01
4.655865511847359084e-01
1.511587446926503153e+00
5.804601687537516153e-01
-2.358499870713699487e+00
-1.827532890723830850e-01
1.051299143994134822e+00
-1.782719764080370917e+00
2.964045538796522550e-01
-1.456096018810544290e-01
3.899457702896098610e-01
1.391393162486645352e+00
-1.826781546110070042e-01
1.053765614509558857e+00
1.170170287797594133e+00
-4.031226671401058059e-01
-6.630710334086376001e-01
4.339255813100915127e-01
-8.195828091697001661e-01
8.018861482665795570e-01
-9.614010160782548997e-01
3.248841059184213176e-01
-3.714547050924978944e-01
-1.872323876589744751e+00
-1.988546097896403575e+00
-6.418348645074465342e-01
-3.981601299005932404e-03
3.280907067819200940e-01
-1.024656213457891596e+00
1.001400893400790082e+00
-1.427609086590193810e+00
-1.662522978191027789e-03
7.051910472843472277e-01
8.281787066319867829e-01
-1.355664162871159428e+00
1.329218744121825946e+00
1.059652854718371451e-01
5.787402859712393877e-01
-1.019163400356814630e+00
-1.638435798234327390e+00
5.304781174824382273e-01
-1.129195766515583399e+00
1.102286394125961744e+00
3.764499101332672293e-01
1.531597696096281380e+00
-1.144317952067017474e+00
1.471914605474284876e-01
4.341415844800433632e-01
3.095638925699315536e-01
1.150651810445733059e-01
8.493287978795531767e-01
-8.776162081096259282e-01
3.954518462328275863e-01
6.055169802112825295e-02
-2.636447952166809383e-01
1.684912389208961692e+00
-8.426692893029907871e-02
-1.667618559554697288e+00
-1.934854586422840583e-03
-4.919834073257753904e-01
8.614001926087067051e-01
8.578673584101863536e-01
-2.937546060876217169e-02
1.972108552644546986e-01
-1.259036235259682890e+00
-2.207060674894267827e-02
-4.009893970225288928e-01
-6.362839576300807209e-01
-2.037451081987731172e-01
-1.478841494241673660e+00
1.124916482472799739e+00
7.653629783255524455e-01
-9.625439572435807722e-01
-7.370506107014140884e-01
1.864039359962390563e-01
-6.497021154140221189e-01
8.614975178392352273e-01
8.815900972307764150e-01
-9.608975990298165293e-01
-5.097742314236690664e-01
1.874831848981772797e-01
5.416504515825963928e-01
-1.904424053141373641e-01
1.818376060752684653e+00
1.043604569263688830e+00
-3.879616340387301854e-01
6.566321902560754431e-01
-7.794552316624419053e-01
4.282387293023479646e-01
-1.671041714110686138e+00
7.314812557527237136e-01
-7.300831818436035459e-01
7.309688447935676070e-01
-1.873914162948604023e+00
-5.348447750209228690e-01
7.128582386864283915e-01
-2.947337950290325193e-01
-8.026122828422852518e-01
1.320884971825519560e+00
5.809139912172465170e-01
3.834782609402931364e-02
2.257694500824336536e-02
9.851947566064662709e-01
-1.376728229209677856e+00
1.783494743367745050e+00
-2.578101753871142598e-02
-5.273908423058921713e-01
-1.451898830399989127e-01
1.485487356399917802e+00
2.661298560108511513e-01
-3.742333465449434460e-01
1.098251160088146161e-01
-1.419264333690922530e+00
4.466366483729402592e-01
3.096809580767999392e+00
-5.345113473769549373e-01
5.283929512015121954e-01
-2.570834034683262992e+00
-6.923507936797583806e-01
-1.161039484759296414e-01
1.094893515044551124e+00
-9.006616823521420567e-01
-6.390550371562491172e-01
4.174348567305885549e-01
-7.542969163395276677e-01
4.918555296443283265e-01
-4.074499273526348553e-01
1.641148708689942781e+00
-8.465018325028408341e-01
3.562181732701559245e-01
-4.156445799482066938e-02
-6.993302207299871842e-01
2.638383618574018374e-01
4.906733912060479152e-01
6.244891243265220382e-01
9.388527614703086055e-01
-4.318016708671701398e-01
1.206819496145250303e+00
-5.617974956041238421e-01
-1.106669092733889581e-01
-2.732210743394670960e+00
3.314318884644631424e-01
-2.192032608556582218e-01
-8.608687755210151504e-01
-8.739192267678350667e-01
-4.094331186189803518e-01
1.767904780558597899e-01
-5.123847506648759875e-02
1.823532592449250700e-02
-1.351270615863771285e+00
-3.678887605059588672e-02
7.480317421287574486e-01
4.439117059286181721e-01
9.376506316528874230e-01
-7.457374882848233355e-01
-7.866555292531434151e-01
-1.029569680950274568e+00
-9.876783511165945217e-01
-1.453855010937118664e+00
6.053772095534135644e-01
1.532969546166612851e+00
6.559895373625870274e-01
-1.134592905808242902e+00
-5.625202629638321739e-01
9.384492740172278857e-03
7.636510156737257304e-01
3.614901929943346026e-01
