
1 26.31746230246751 26.52627659271018 75.20090734553948
2 31.163441911565723 27.048487183504456 75.16811752271649
3 28.422278957959843 26.964697086727192 86.18322890233343
4 35.15353709191271 29.59640301808224 85.717733253104
5 46.183325811931965 22.85628863017237 85.717733253104
6 36.699199784363756 24.713042978091888 75.20394224923463
7 45.65658529183831 24.569791104152575 87.62784596782224
8 42.02736532696987 23.200711723351727 87.62784596782224
9 41.30214755323671 22.11387841735537 84.28649699436173
10 49.6224858561768 20.722380747358265 86.8825471035353
11 51.604293784699756 19.855064236642548 87.62405089685369
12 49.24360073989827 20.5808838579874 87.08254710353529
13 45.49696464887159 23.886515327997607 86.29288973525112
14 47.69213849617171 22.44947537481002 90.8467566657122
15 54.43260201863416 17.61842176706193 86.78322890233343
16 49.90989874304298 18.123628700348323 86.24416263053517
17 44.562316561902485 19.105576117398144 87.05982874727957
18 50.877793696436115 19.594394940297082 88.34233241211736
19 47.02363020237799 22.57319867467245 88.89736666659863
20 54.522932234424296 19.972457671697526 88.25982874727957
21 54.57376171739868 17.705163339887843 86.29736666659863
22 54.76812463243473 19.485085884894044 89.02873816020954
23 51.48958117287216 20.58188125912275 87.22405089685368
24 52.821353766790686 19.888128311446355 87.58739390424847
25 57.718571753661294 18.547398871780228 87.22405089685368