8.632442511316753553e-01
5.325804924769863558e-01
-1.000000000000000000e+00
7.668735629335983184e-01
-6.844013236233910114e-01
3.220771840109045714e-01
-1.000000000000000000e+00
-3.620099638493959882e-01
8.063407160837670062e-01
-9.781835822620614795e-01
7.905886354919925418e-01
-7.269648866803622989e-01
-8.989475909981536894e-01
1.000000000000000000e+00
4.154180402751644352e-01
-1.000000000000000000e+00
1.410283087134828195e-02
-2.025807149275539454e-02
9.537290653120982231e-01
-5.883175206485119491e-02
3.057834193208944784e-01
1.145366295250488942e-01
4.896227584588003778e-01
2.032915701328937286e-01
7.685580371138875377e-02
5.310766017714183551e-01
-4.810762043259176890e-01
-4.222952376727414636e-01
9.429907629908532707e-01
-1.747086992388132698e-01
-8.454890174227225330e-01
-8.255664108739013685e-01
2.968484040640155808e-01
9.330897605468162492e-01
9.994573455267214968e-01
-9.212025733142282791e-01
-2.969494906248277832e-01
1.488126443125340759e-01
9.973353353362407470e-01
8.572362801781246988e-01
-3.555524344827434291e-01
-6.132885709022661835e-01
-6.157748197659889122e-01
-1.997463975234747557e-01
1.000000000000000000e+00
-8.890314928275478978e-01
7.365784467011451397e-01
-9.997997230337578589e-01
1.000000000000000000e+00
5.846952942431046241e-01
-1.879120655506561488e-01
-2.897628699118739437e-01
-4.719754522872624536e-01
9.730392380974290933e-01
3.080621975981761018e-01
5.990265510849636099e-01
-4.902495509170878840e-01
1.451574036239669241e-01
7.796768105663782755e-01
5.501137099029255323e-02
-9.567311165891934088e-01
8.836254435796301321e-01
-3.923306659728990065e-01
-1.858176782673215122e-01
-1.000000000000000000e+00
6.016912451190636890e-01
7.122531060476485765e-01
9.986043222833345112e-01
8.626134184043239284e-01
-2.639171838788231805e-02
-6.576843121338353804e-01
-9.331327094858151705e-01
5.849896717921226896e-01
1.000000000000000000e+00
-4.402083889659646337e-02
-5.286831194399522760e-01
-1.314281499066312919e-01
1.368609636677196317e-01
-6.578523164038782012e-01
-8.889481413270918786e-01
-6.461834931773701163e-01
3.208351668587504368e-02
-2.812541352092992608e-01
-9.101337248078387177e-01
-8.355182675001794346e-01
-5.344603142955843822e-01
-1.595834359431259619e-01
-1.894175434705195060e-01
2.287379714662974850e-01
4.130885745041710244e-01
7.611910585237137150e-01
-9.554384556260173689e-01
-1.000000000000000000e+00
7.651233756146275100e-02
8.430583397330522200e-01
3.239129718431966176e-01
-4.505475480327755244e-01
1.000000000000000000e+00
-5.203567200664270809e-01
3.674019064428439840e-01
-6.960457225238536605e-02
-9.350181428798672867e-01
-5.502141633328453407e-01
-3.243554623822411109e-01
-7.373372936731980021e-01
4.566738673291942940e-01
2.000886750094436617e-01
-4.022052577148211849e-01
-9.817395427489634674e-01
-9.250432409585020999e-01
9.384807004498925131e-01
3.373356287964732192e-01
-1.000000000000000000e+00
-7.670790016828490376e-01
-7.105001971480688905e-01
3.960453232234834586e-01
5.658007576613539591e-01
-1.000000000000000000e+00
5.315055935167902756e-01
1.804985989855123485e-02
3.699993690682726669e-03
3.279036351389639226e-01
-1.000000000000000000e+00
5.712170639381527470e-01
-4.870357993255377549e-01
9.009378727957536581e-01
2.664504144150819931e-01
2.666872176693906860e-01
-1.000000000000000000e+00
1.000000000000000000e+00
1.000000000000000000e+00
1.000000000000000000e+00
1.000000000000000000e+00
-8.548769972083374302e-01
-1.423192013651833066e-01
-2.835526192648998300e-01
-3.613026044535779246e-01
-9.882230495570936135e-01
8.400270209060231030e-01
-9.213959571058740750e-01
1.500601187245378942e-01
-3.767199085182231788e-01
9.105048129751389663e-01
-4.907387107706689955e-04
-7.652558080307910737e-01
-9.520038580904328640e-01
-8.650337512662918948e-01
-3.358988461247592872e-01
4.011767445181322334e-01
1.564154004508076963e-03
-1.000000000000000000e+00
6.675840061964944949e-01
-9.821793078123668419e-01
1.000000000000000000e+00
-3.271579576496661534e-01
7.479477117706966327e-01
1.000000000000000000e+00
3.103026601278129348e-01
2.341347986942197146e-01
6.457196441767918405e-01
-6.302110082458738383e-01
1.000000000000000000e+00
-8.772512223822397370e-01
4.965941980057794192e-01
-9.328976884811410741e-01
9.776613936659387383e-01
-5.029697784364601798e-01
7.026686200145243477e-02
-1.985123312696384090e-01
4.040007160628589222e-01
-7.432591985495131670e-01
5.266922191437098943e-01
7.421778974725166123e-01
-3.836811275336975968e-01
-3.001534764407041700e-01
-5.895473663659415164e-01
-4.174734500845768137e-01
-4.745054193144617738e-01
-7.007883639992860264e-03
4.781658528702988353e-01
6.329727761582972789e-01
-5.863472479386026004e-01
-1.000000000000000000e+00
4.200742648833084569e-01
3.895918280968718173e-01
-8.270182348233381386e-01
-3.198213769436445419e-01
8.436374531860468817e-03
-2.324030687499724079e-01
-1.000000000000000000e+00
-8.909488656267514628e-01
-4.226647152135618590e-01
-5.932976262862919015e-01
-9.694912053610047487e-01
-1.544031973549667702e-01
3.531931318818015697e-03
-2.299524786119158670e-01
1.377410498879758638e-01
-5.849936250789120606e-01
2.145815839520669732e-01
5.162410024235359884e-01
-4.696227128432380327e-01
8.917947023408536733e-01
-1.895171153748309578e-02
-9.009438000662566282e-01
-3.255462504847618233e-01
-5.848783366258647476e-01
-9.729586916188674994e-01
-6.526034915439203610e-03
9.256141631091137079e-01
-5.526045167800236468e-01
-2.587406683520182549e-01
1.152736567639421617e-01
-4.126926772275424544e-03
8.992586787848548813e-01
-3.643198467771355253e-01
-6.300899832567303793e-01
-1.000000000000000000e+00
9.422078785277809843e-01
5.720081947831836544e-01
-3.703793084748809861e-01
-3.152508158811002659e-01
-1.789006479595993404e-02
-9.575713816903324016e-01
9.237140219938320129e-01
-9.580070320259330696e-01
-3.890973567747937345e-01
-1.000000000000000000e+00
1.711602590391594070e-01
-4.033851723187525939e-01
2.021930681817227793e-01
1.882226987784660910e-01
7.840037348170203479e-01
2.653095281533726646e-01
-1.000000000000000000e+00
-1.000000000000000000e+00
1.573295880573492012e-01
9.369637406762852949e-01
-6.404224467045537272e-01
-1.000000000000000000e+00
-1.465932056471186407e-02
4.351487145485924760e-03
1.952939639543906369e-01
4.419052864949898352e-01
1.450850138771445641e-01
-3.999656132936202368e-01
3.996592614364825047e-01
-1.972610423842856564e-01
-9.550467053776914295e-01
-5.343995379117381095e-01
-5.097538305379212265e-01
5.948393969151942462e-02
-5.752101242786986646e-01
5.477666973439085929e-01
2.555247739091213166e-01
1.757843770003540973e-01
3.188230683365395057e-01
-2.057265716495938757e-01
2.870547914492034836e-01
3.009916822183661411e-01
-3.024431682262658239e-01
-1.418437071009123751e-03
-4.643580919844969013e-01
1.462553902331658606e-01
4.567943340026522914e-01
