
1 50.79356470722964 36.3415464893862 93.32772932632852
2 61.629977320658874 35.2568401201232 92.56878821817864
3 53.04416824335702 34.634175213553114 92.93214184093668
4 42.8013463506713 32.19416296688974 92.93214184093668
5 39.45656351688861 35.80345634086532 93.32772932632852
6 60.64632994576683 31.547580107598918 93.32772932632852
7 61.23765644535955 31.698148218384496 92.93214184093668
8 63.81850978478665 26.54168573636767 92.57959913428286
9 63.80441645935957 28.59565725723956 92.57611947915372
10 68.11673696242656 25.586901683765273 92.57959913428286
11 68.25627411665245 24.406486220907528 93.32772932632852
12 74.2724783630843 22.519939460548926 93.4727463148428
13 71.33146021357737 19.3588258097958 92.57959913428286
14 72.3689402107792 16.897403815845006 93.32772932632852
15 75.31735829511447 18.386327987240772 92.53357331188757
16 71.13532747293354 19.68457163197349 92.53357331188757
17 74.72207033746675 18.847275479379167 92.57598249381266
18 64.86464245986703 24.339092291780574 93.32772932632852
19 68.06435740171504 22.395784497134095 92.57959913428286
20 67.96394950256953 20.218505201618807 92.57598249381266
21 70.27645434615576 22.538052169541128 92.57598249381266
22 72.99141645958652 17.950857791091153 92.57959913428286
23 66.71842574689055 22.771943995153112 92.53357331188757
24 72.9512090018374 21.086995169820938 93.32772932632852
25 66.76707752258808 24.869470733443862 93.32772932632852