
1 47.41816618714587 40.37582140463619 92.65873645484157
2 53.77849595510797 36.98435407472095 92.65873645484157
3 69.36715672468483 29.72917384849364 92.65873645484157
4 65.25589168794271 30.905634267736726 92.56878821817864
5 70.7652821458686 25.368764887388014 92.65873645484157
6 69.60542697740554 28.19377552868965 92.65092391510478
7 65.06854853698471 30.301425296380124 92.7750499825186
8 69.87059989219652 31.042931049888942 92.63931836898448
9 76.83806834603601 22.8105504918844 93.17504998251859
10 79.1776497602742 19.198695055884873 92.64317193830047
11 64.4238542200217 31.532155519450935 92.94041448585585
12 67.70174707372765 28.164800658188316 92.57611947915372
13 73.65580600747425 25.608021765173213 92.65873645484157
14 76.93538234514133 22.77074293238886 92.65873645484157
15 77.20371936184948 20.145886787225074 92.64317193830047
16 79.636315724088 18.080699650080636 93.13214184093668
17 76.53762215541764 20.374690552156505 93.13214184093668
18 78.50142157319937 19.069519570776723 92.76627799644577
19 78.01648427622656 25.560872942975493 92.9361681949744
20 76.63661637949308 22.872399987372912 92.9361681949744
21 75.51976096806224 19.975353221763108 92.94041448585585
22 69.71319183760906 27.087943958316178 92.74041448585584
23 69.33495250580543 28.454407080480873 92.74041448585584
24 79.73859291972929 16.28277984850125 91.93357331188756
25 69.47134236407449 25.413735272562437 92.65873645484157