
1 30.230782558485384 27.998433489188464 75.20090734553948
2 32.63394011837899 27.331044058673967 86.82405089685369
3 37.67860258860046 26.571905834536725 86.38322890233343
4 40.57579339723962 24.09276574975126 86.18322890233343
5 32.06924522596624 23.245153931743268 75.39052820481504
6 39.57340049625765 21.987881993006688 75.20090734553948
7 34.73734059665651 24.57380397213224 75.20090734553948
8 48.032527352470126 22.375350390242236 86.22784596782223
9 47.09742416170848 21.08144678707383 86.8825471035353
10 49.17942429698767 19.76987237019491 86.82405089685369
11 44.139808707102844 17.931351057029005 87.62405089685369
12 48.995490224903456 19.227160691751607 87.62405089685369
13 51.361176315698685 18.751703171891887 87.62784596782224
14 47.41481887295453 18.62327842098911 87.62405089685369
15 45.58372597174489 23.367715959906587 87.62405089685369
16 49.35698182816063 21.512427218258754 87.62405089685369
17 48.67963115487147 21.683471818920516 87.62784596782224
18 40.898456467937294 24.769639409364274 86.8825471035353
19 53.132936088061115 18.304811414691702 86.82405089685369
20 49.429864225824474 22.529272407607007 86.33357331188756
21 54.81236762629963 18.97262734926877 87.08254710353529
22 54.08094430939427 20.157947584256373 87.73357331188757
23 50.940644219845986 21.156762771007234 87.08254710353529
24 55.149674173231844 19.134194517594825 86.8825471035353
25 50.35890061529562 19.57385590653858 87.62405089685369