1.359679762535675573e+00
-1.248591771995445132e+00
-1.467272378834346025e+00
2.055361650190561384e-01
1.417799901014200836e+00
3.459627931538067358e-01
-1.210294040647111879e+00
-1.662743002312591090e+00
-2.094429625756227598e+00
5.640127039961573274e-02
1.196609168612766672e+00
-4.021710183217899193e-01
1.222300116287466487e+00
1.283578520364223596e-01
-9.517532292316968068e-01
8.332041911508714094e-03
7.499718841633298272e-01
-3.089908774421752380e-01
8.449443917203798282e-01
1.181621890887271098e+00
7.820501531553090135e-01
7.202343903731929231e-01
-1.712057047239637919e+00
-2.907626895262960254e-02
-1.056788357251599919e+00
-4.441616897500804129e-01
1.737790518698850262e+00
3.038230693530559634e+00
2.296910105701703397e+00
6.817382661522359832e-01
2.852274134667085459e-01
-2.544323140807815520e+00
1.415859940556262409e+00
1.464017690847171149e+00
-2.672710553020762880e-01
2.210268047324701168e+00
3.619763829590492143e-01
-5.283543374705552687e-01
-1.732358309456179857e+00
-7.748245111706941746e-01
7.818556790540509560e-01
-1.157841151892312848e+00
-3.871543017683862775e-01
-4.261482119774979704e-01
4.405119595133566435e-03
1.256447502794763027e+00
1.246233921855366189e+00
-1.100051773501355079e+00
4.444937429416802033e-01
6.530801548056164307e-01
5.367939527701248714e-01
-8.028824698623981959e-03
-2.424885448023872403e-01
-1.936787967718298642e-01
2.870094254795415356e+00
-1.093461611338810036e+00
-3.269502206626946350e-01
1.522964794794894106e+00
1.928516208511843466e+00
-5.610342840452666735e-01
-1.161929138429924846e+00
-1.810918996462915320e+00
1.719528259205072018e-03
2.688004167071103012e-01
2.234952629019102410e-01
-1.471516760476338836e+00
-3.341428367060060189e+00
-3.189790814462245550e-03
5.331065049285090840e-01
-8.674682091305323528e-01
1.130609544055431348e+00
1.122907953176409679e+00
-5.346083684066860187e-03
1.160721484943890491e+00
5.928410414818865437e-01
2.590799272008899035e-01
-2.433393153547043219e-01
-3.199836385207815326e+00
-1.046333576199304449e+00
2.154415990869648745e+00
-4.819841027993372329e-01
-1.568888909455784741e+00
1.622235431333775013e+00
4.428544393496856024e-01
2.846979037791135259e-01
-2.079322536129630805e-01
3.832706285174165561e-01
5.112997113624926371e-01
-8.202210374561056394e-01
9.483105481821560989e-01
-6.900095450399565955e-01
1.633761994469096201e-01
-9.186347397756391420e-01
-2.271232770382436428e-03
1.580733302441781118e+00
-7.658714120521548097e-03
-8.336937145885441325e-01
4.400082720891740351e-01
1.306128264902585601e+00
-6.560104398711490425e-01
1.614730756636068687e+00
-1.371278812387446866e+00
-2.137113761855231608e+00
8.769108896203874348e-01
-1.187457901065082533e+00
-6.682985164824541968e-01
2.038782937439751475e-01
-8.076008107569905281e-01
-1.717786601766155385e+00
5.808877113928350155e-01
1.026266885271099882e+00
2.719983405473862081e+00
1.010746049537083469e-01
1.729883869297264232e+00
-9.433683991838319738e-01
-1.644677213543193073e-01
-1.378735165512521510e+00
-8.896363301269052393e-01
1.899450935384279227e+00
-4.679576140293097986e-01
2.514332471524940438e-01
7.470842474572689795e-01
-1.156430649417087286e+00
-1.231997874391099757e-02
1.192898102532493843e+00
-3.119081999763557711e-01
3.869231199137641575e-01
2.298464441423716309e+00
4.740188191830174702e-01
5.713238599864280953e-01
3.800110987371876359e-01
2.587905955844627126e-01
2.825082725802882777e+00
2.164167137748727043e+00
-3.737479229162881111e-01
-1.337033219290575614e+00
-1.329163970232466463e+00
9.932039117584265941e-01
-5.309413894586270111e-01
5.066507426394384339e-01
1.259169243806228522e-01
-6.877302989828337765e-02
3.988523617048698178e-01
3.846438887879852775e-01
4.039617289894850138e-01
-1.301085102049378994e+00
-1.342309093992384517e+00
5.820974920686978749e-01
-7.759728246711572464e-01
-3.454157895834941705e-01
3.018257717920435290e+00
5.405741318183481248e-01
1.271887159743348761e+00
-9.971821762261392497e-01
-4.973434858369103484e-01
5.085152117627047552e-01
-9.774652049615750737e-01
9.311624178866084733e-02
8.333297930938754483e-02
-1.642802519837424979e+00
-6.561388500337717034e-01
-1.586136878042245124e+00
2.660012990408984201e+00
-1.702939276746064934e-01
6.340281447228295342e-01
5.229043460989675207e-01
6.534933781824612264e-01
4.109048557889294351e-01
-2.914297553673084185e-01
-2.472535795950321358e-01
-1.653448851575003431e-01
-2.008588740747541568e+00
-9.440747516112941717e-01
2.032773820741743620e+00
5.891065733810203486e-01
6.720784960849490730e-03
-1.195827467413099310e+00
6.336732563573610477e-02
-2.411753949498288918e+00
-9.359979848056785290e-01
4.821993972806677409e-01
1.178388729742316787e-01
2.238084038155117028e+00
2.357627708820194457e+00
-3.594768669426819940e-01
1.077880489208056458e+00
3.482671642164236747e-01
1.000273568315569239e+00
-5.488667722979005958e-01
-2.856986872646793962e-02
-1.033974924147555985e-01
2.803348126414636710e+00
-1.273690040449506622e+00
-1.973956698078675132e+00
-8.935943176217264750e-02
4.218704741967727045e-03
-4.861403126765306837e-03
2.029676076353926106e+00
4.086833035497119404e-01
-1.156520768838233959e+00
-2.383928019771266449e-01
-1.936177233401190412e+00
-4.252312269085696261e-01
-5.954338059264612237e-01
2.320775726975131903e+00
-1.801506189862694063e+00
-2.795952917033063034e+00
4.762200436403740689e-02
4.816006837534987373e-01
-1.805631088447115840e+00
-4.975160968493854696e-01
-2.869603053309233154e-01
8.470892829256313483e-01
3.289224930570942007e-01
-7.342843069003206491e-01
-1.849403729249570194e-01
-2.230115086019063053e+00
-1.755272293666024108e+00
-2.533205948518673090e-01
-3.618738733721906353e+00
2.205815287704969485e+00
-9.387233634259120052e-01
-1.886841459823825673e+00
2.028507488857454355e+00
-3.155652400845856409e+00
-4.870909426264224962e-02
-7.410603528378909566e-01
2.764157320905261450e+00
-1.168558703858863179e+00
-1.728816081799049442e-01
6.466654048260200849e-01
1.252589418363580620e+00
2.217483306645617436e+00
8.639371452817563579e-01
-2.101366539394506461e+00
4.435667990849823106e-02
1.743705837250646651e+00
1.447686325313067401e+00
3.035035205664872393e+00
-1.864329667192941020e+00
2.285926596289074020e-01
2.086009546035487716e+00
-8.306968660597717768e-01
-5.399752575896323847e-01
-5.558837472252147194e-01
1.285504326053942714e+00
1.748761136223463630e+00
2.303419541601092746e+00
-1.189016639008196874e+00
2.327156238570502467e+00
-1.511850528078123590e+00
-3.959661977483117656e-01
-2.661335780513252036e-01
1.054296219552839142e+00
-2.733400070390830106e-01
-3.326088853541167012e+00
2.737892515338362642e-01
1.173848290005268913e+00
-6.649393675608172849e-02
5.169515725345292800e-01
9.250174779940811831e-01
2.509154090714922347e-01
1.778320463068339130e-01
8.833086434153598621e-01
1.359861906628549555e+00
