-9.677375766185283279e-01
-2.816312076761326999e-01
-5.330220332172963538e-02
-6.503746117902711177e-01
-1.034679633933404119e-01
6.310663235877282951e-01
-1.965758122695690169e+00
-1.241096089684252002e+00
-1.190989258012404850e-01
6.646999064490801690e-01
3.547385384343437753e-01
-2.747112819232166991e-01
-8.821890684433608687e-01
2.508543315989748557e-01
-1.526679795545158314e-01
1.013843689023564920e+00
5.835490641175538062e-01
1.419026097951405552e+00
1.200578929244955351e-01
4.073596552302205520e-01
-1.124828284267839873e+00
6.554438174698387076e-01
-3.129898814529281648e-01
6.517671822745203514e-01
3.581726505061746391e-01
3.391964336263919577e-01
-1.362345314056351286e+00
6.046281800380222116e-01
-3.724271616136580754e-01
-1.569605767874692637e+00
-1.963326972392984926e+00
-1.117641980680864400e+00
6.580430147286810971e-01
-5.772758419343564373e-01
-1.466865610968785427e+00
-5.296247222573799984e-01
-5.249744893872907436e-01
1.715711053299914690e+00
-3.318849631295490710e-01
-2.061268634542376965e+00
-1.572591533725713919e+00
-1.535777598539622479e+00
-1.171038669187438153e+00
-1.318214937266493969e+00
-2.929220373849141801e-01
-2.563094577171782795e-01
-1.124369457703844999e+00
-2.753168539843559692e+00
1.713171300444460421e-02
4.878471343907726521e-01
-9.667334800476417023e-01
3.008615282477628661e+00
1.474627418417931546e+00
-1.673664086024273523e-02
-2.506880724210711620e-01
-5.022317861598581956e-01
2.159181029597522894e+00
1.568699308067493803e+00
-1.877255517763598114e+00
6.801027271025323895e-01
9.343931239707485847e-01
3.710123482446681109e-02
4.591715180865676427e-01
-7.597503079059819697e-01
3.008894975924041315e-01
1.065622576519795528e+00
-4.829524207756406007e-01
7.367490490740518094e-01
3.872004067967687035e-01
-1.379588862645351188e-01
-1.151502019228190177e+00
1.032752035676069324e+00
-6.568862310036203134e-01
-1.143891822865392705e+00
-5.023650882065098244e-01
9.863761668270534244e-01
1.880608900081138790e+00
-2.405971790451712167e+00
-6.538612672188803820e-02
4.438635233702581395e-01
9.877815386292161381e-01
-1.187422670543214487e-02
-1.088403469703547621e+00
1.026303639131164402e+00
-7.180348483064928899e-01
7.205233641104924480e-01
8.894852100124583938e-01
1.042731308058106432e+00
-7.568506502324530150e-01
1.692548523443406783e+00
2.359558811215723306e+00
-4.221768228190225791e-02
-5.968825226559946184e-01
7.629237871785146119e-01
-1.366940726155936758e+00
-1.561134826957858435e+00
-4.496164481130202617e-01
2.124574357108452993e+00
-1.871297022556006384e+00
1.664422085070503154e+00
-1.535483097855755652e+00
2.991237248938112270e-01
1.389936439933654011e+00
-3.642969564219500356e-03
-2.630628125857861210e-01
3.050997333953193724e-01
-3.334267410482680827e-01
2.115285649705367810e+00
5.700652452452348307e-02
-1.180646820661910512e+00
-1.215903225923260500e+00
-9.187170707159022509e-01
1.182246726198921571e+00
-1.554126111889054140e+00
-1.104498912196050897e+00
7.779578576007681878e-01
9.492657225823524225e-01
3.138843773914491209e+00
1.134385486214791294e+00
-1.596055438315688413e+00
-1.718409196691035978e+00
-9.001961632223782761e-01
-1.246642713073844222e+00
1.050395918125852646e-01
-6.039542933491115484e-02
7.061324510531854504e-01
5.800107967428980160e-02
1.095689372578179110e-02
-7.390943492319084207e-01
-5.987227622069870581e-01
-5.029609097862777212e-01
1.112129574273938548e+00
5.838272869066336579e-01
-4.512502992222482412e-01
-5.388371369040290126e-01
7.458652579569011731e-01
-8.612624397327448555e-01
1.035669299540083355e+00
1.141518457647223261e+00
-6.541203672583748574e-01
5.360924335802930152e-01
-9.947157137918485326e-01
-1.343167467298073570e+00
4.711929902518152691e-01
-6.084351333595132694e-01
-8.831430030820266452e-01
1.410673075689339084e+00
4.196712244748512788e-01
6.133170862657539857e-01
-4.050194224973708845e-01
-3.699189751695117767e-01
1.412633470530787250e+00
3.026467846034179843e-01
7.063588694407552104e-02
-2.361071791913678108e-01
4.789924266665159802e-01
-8.973895560039473196e-01
-9.044415465560062817e-01
-1.805294633854083619e+00
-1.267622810197173600e+00
-4.481505337941058542e-01
2.202450936001629778e-01
1.714887373457500974e-01
9.424445642139245294e-01
-9.512722275128560057e-02
2.188998149555853701e+00
-1.511104048410864209e+00
4.770653721527366997e-01
7.162059952509185479e-01
-8.936832876723945773e-01
1.504531759725061590e+00
-1.792935514969725697e+00
-1.394244996054781138e+00
1.170359265238441360e+00
7.502554294252099520e-01
-3.394239405186258995e-01
-9.924284799751597053e-01
1.032063282113947045e+00
-4.975022921213927418e-01
2.096651854599981935e+00
-1.848736921706503944e+00
-8.218489150426488976e-02
-3.386898325559950518e-01
1.005032444343372244e+00
-4.865381063029634578e-01
7.241894167083544609e-01
-2.631834229868481589e-01
-7.413191598085004941e-01
-5.115524647378397738e-01
-1.095959544889025361e+00
6.685679825433983314e-01
2.641906032556295969e+00
-6.541214601420228814e-01
2.056149344984769201e+00
7.432422689376676495e-01
1.323877938335696003e+00
8.225093491110502253e-01
-3.085299964604792944e-01
-2.953488511545114825e-01
-6.538943961626697554e-01
-2.147202722427302923e+00
1.212551496305644960e-01
6.069258745956016554e-01
-9.509253963543575772e-01
2.707772250301505590e-01
3.678656747786950287e-01
-4.882987257738824471e-01
-1.237762450743751241e-01
1.013832201215800755e-01
1.014423734987877079e-01
-1.373249996062961387e+00
-7.428493756737621911e-01
2.358576374723358349e+00
1.217938836741792041e-01
-6.597525294101875826e-01
2.512499730552586463e-01
-3.656207008585043994e-02
-3.335928798825835706e-01
-6.474902627831680135e-02
-2.564627693836714073e-01
1.778002584414339893e-01
1.299699714298826692e+00
1.592209112755193612e+00
9.063794442147155017e-02
-1.019933244598647537e-01
-3.945778096992724748e-02
3.731158670736938188e-01
-1.040009754199932246e+00
-3.069644729827500917e-01
4.705473210230239900e-01
-5.447424465789358905e-01
-5.958175379369876623e-01
2.986802849122893733e-03
1.167003464362231124e+00
1.103484920119522927e+00
-8.221711492411616362e-01
9.568454976770612852e-01
5.934438847616458901e-01
-8.564209108150557803e-01
9.816856767184429788e-01
-6.708695393075192470e-02
-1.014281261649408350e+00
3.337932135245298415e-01
-1.040525563348044358e+00
-1.397147759107190801e+00
-5.739127539935116040e-01
2.840735279792852452e+00
-1.830030253872081403e-01
-8.449412842060688433e-01
1.234865480949280725e+00
-2.813178882085769494e-01
-9.243903762407474911e-01
-1.479353516292765125e-01
1.433083756636527761e+00
-8.606977674810734058e-02
-7.708254972961794405e-01
5.695043766725609302e-01
1.762859969463917320e+00
-5.502071630887002129e-01
-1.540988326343914583e+00
-3.452027793404695011e-01
3.576583503207292569e+00
1.895026031788096699e+00
-2.365018178499262991e+00
-1.860900017079043067e+00
