
1 -3.34026438413541 5.969238726826393 21.956574883080755
2 -0.36509492897598994 9.9107451089593 39.87603602059674
3 -3.27155109537978 7.439953287847022 39.601837298482245
4 -4.29883789319396 6.664351988827908 39.87603602059674
5 -4.646112220802281 4.54818241156163 22.002787726235887
6 -4.1905675925726555 6.284251421675483 39.601837298482245
7 -4.040541107858696 5.463144078330707 22.002787726235887
8 -4.705999305361937 2.847769160406796 13.163718093048523
9 -4.747867294081233 3.226604814802686 13.195978955266742
10 -4.326465365161157 5.258401541543439 22.002787726235887
11 -3.828345156117517 6.665979961511427 39.87603602059674
12 -3.954353812675888 6.77190317930684 39.601837298482245
13 -4.136108288679044 4.792124662498021 21.147797520225524
14 -4.610415429412572 4.827368882673417 21.956574883080755
15 -3.9812633568588978 6.026004294085717 21.876036020596743
16 -4.18146177097225 6.935652681051354 39.98272016318508
17 -3.764024521760161 7.439584719718929 39.87603602059674
18 -3.193545546976755 7.305495483992764 39.601837298482245
19 -1.2297083084140161 10.174753122195435 39.601837298482245
20 -2.370268823011004 9.146056251103206 39.98272016318508
21 2.8513701745019318 15.23458054459067 57.10835578817423
22 16.81765856094384 20.08167866831077 66.27641489804762
23 16.5609393893658 20.773143867369555 75.09191706183107
24 16.26327646032029 19.47081270675175 66.0572006248733
25 28.013515587456688 21.665173480630727 75.05982874727957