
1 29.153014910323257 38.76701516793474 91.85873645484158
2 55.45936958084758 38.05113118171122 91.93357331188756
3 65.9041330540204 28.538913562800857 91.93357331188756
4 71.86679297759243 20.846243927956177 91.93357331188756
5 66.55257783391986 26.293745266187955 91.93357331188756
6 68.45665767099663 26.771571232632063 91.93357331188756
7 61.628234666049494 32.66247413195579 92.7361681949744
8 45.807628485882866 36.961626305674216 92.79605369405454
9 54.438420667421 36.551667778951156 91.93357331188756
10 66.48945533624804 31.117987883535275 91.93357331188756
11 62.71195406144333 35.6787292114208 91.93357331188756
12 61.06674384496557 34.32204552892519 91.93357331188756
13 63.409377732862325 30.399852726538047 92.33740496697304
14 69.11709267808303 21.908619822125214 92.51859563501553
15 64.92193209109443 24.89664224257507 92.28001907417188
16 61.91793134389127 31.99812580183823 92.51859563501553
17 67.11683355108111 30.01411573365073 92.51859563501553
18 71.2695597004936 23.516124353820906 92.28001907417188
19 70.56483003252461 27.468013249208173 92.33740496697304
20 68.42434095139082 30.438055525236535 92.36889138314541
21 62.28024323076936 34.05452768472591 92.57237888630937
22 74.69287741083258 18.079516422839784 92.57237888630937
23 74.75160809449551 20.855559283141552 92.56878821817864
24 69.2982339952038 26.78159678935512 92.65873645484157
25 75.95324118281167 21.478897658596342 92.57237888630937
1 39.25255429573264 40.30964920735485 92.03931836898447
2 60.22640400273705 33.93172307568384 93.14041448585584
3 58.86787721367616 31.267314045428325 92.04317193830046
4 58.43869158481457 29.760488559385923 93.14041448585584
5 69.21751022020813 27.373807608845578 92.29466846406764
6 69.99590455981965 28.632632361871767 92.64317193830047
7 74.73484285376381 22.88163464313905 93.14250462797223
8 67.54120345762264 26.646425879635043 93.01261419415926
9 59.26073774552763 34.39676127153599 93.21821644970792
10 67.77514583180762 24.797935671287846 92.93214184093668
11 63.53172370975852 27.096682129495825 92.72772932632853
12 67.630011149115 23.90983896117438 93.01261419415926
13 66.86784966913504 26.441253570771927 93.01261419415926
14 69.59776917017234 28.057991047230608 93.37504998251859
15 73.52018037607623 24.189953804573754 92.7750499825186
16 78.72477579657934 17.183815088485925 93.17504998251859
17 76.22784917436516 16.572535879883528 93.37504998251859
18 74.12740571735613 17.061356809890327 92.7750499825186
19 76.59086109184824 14.663549016375137 92.7750499825186
20 71.24700925587017 21.033881774768783 93.17504998251859
21 75.90485665111052 17.821953802056317 92.7750499825186
22 75.59843104394629 16.328464405154254 93.37504998251859
23 76.31111765149458 18.88689070715513 92.33357331188756
24 78.15728671928177 12.779877780585444 93.17504998251859
25 78.30561175791516 12.923287317442316 93.37504998251859
1 52.21453374688457 36.6449568865823 91.93357331188756
2 64.71717264540693 32.546357364837974 92.1218853407695
3 63.505889451961046 32.783270641966055 91.93357331188756
4 73.70428941046808 24.84503979233734 91.96878821817863
5 68.71334309721844 25.18842145933169 91.85873645484158
6 65.32339211544199 31.175496935803125 92.09874178945526
7 60.93175344043808 28.52460579732678 91.84317193830047
8 62.90676777064954 33.56743678636895 91.96878821817863
9 76.67534971109187 19.113975541607832 92.39605369405454
10 71.1334679229453 28.587623235431813 92.51240366476762
11 82.47986458735531 16.24794693178008 92.51240366476762
12 72.85201949751222 28.219142322506194 92.65873645484157
13 68.33330064066524 30.455779638361374 92.65873645484157
14 63.7634702848874 30.01700513857432 92.84317193830047
15 52.169095981397994 35.610651532160624 92.84317193830047
16 50.607395193579826 33.70848877484772 92.57237888630937
17 66.23672674939134 26.4002376340803 92.53357331188757
18 68.62317880244564 29.10743929247488 92.57237888630937
19 65.2303262094596 27.595706506756677 92.5361681949744
20 81.6757505147863 16.755818799849695 92.64317193830047
21 71.9077093651675 26.493008262576453 92.64317193830047
22 71.51851880972654 27.05546958737744 92.76627799644577
23 69.48964589195023 30.140710864334526 92.7750499825186
24 73.9669984027773 26.71121041163389 92.76627799644577
25 75.78897928916066 21.171640187762968 92.7750499825186
1 53.87988365588808 31.805707577048413 92.29466846406764
2 61.43943939936787 29.831265710210346 92.65092391510478
3 59.26938402272988 30.607575894218503 92.29466846406764
4 59.546700149262264 30.77068412843575 91.96878821817863
5 69.15627280356304 22.201202619039034 91.77237888630937
6 69.41362637887774 25.490527103398325 92.49405452609942
7 75.20085138311431 18.01918341015255 92.49405452609942
8 71.33644337832666 22.02580870932024 92.65873645484157
9 79.1689952994408 14.98154614377703 92.65873645484157
10 71.51304700921513 24.006092154329455 92.6825471035353
11 78.34043738033486 18.134663506743824 92.65873645484157
12 73.96140212969344 18.12306774394956 92.5266767328285
13 72.93155858798521 22.89316023001051 92.65092391510478
14 75.98375439646344 16.278063691724924 92.65092391510478
15 73.57897173324018 20.485882081613255 92.65873645484157
16 72.03240817490601 19.381310084205545 92.6825471035353
17 77.08974172145412 16.56542473077581 92.65873645484157
18 74.53528640662039 18.05736779364689 92.5266767328285
19 72.68998394108216 17.88655063027452 92.65092391510478
20 76.19400875858415 14.68049593723975 92.65873645484157
21 71.20632772565446 23.633433889577177 92.65092391510478
22 77.59902227643641 16.432450181769585 92.65092391510478
23 75.19740091836884 17.03421403596928 92.65873645484157
24 76.96196860550585 13.776970962366986 92.5266767328285
25 73.20845964018983 21.86238070565155 92.6825471035353
1 40.089890965879206 39.52923279085508 93.01261419415926
2 46.26774284001935 40.97133752475724 92.56878821817864
3 65.10308774390646 38.88278872902265 92.93214184093668
4 71.02321938653678 32.72470944582478 93.33193985886487
5 75.43679117606874 31.605185628116097 92.65873645484157
6 73.25299037638096 31.587397320694258 92.93214184093668
7 73.1267580625769 30.389307185539078 93.01261419415926
8 63.05764016006422 34.63965485300773 92.9750499825186
9 64.72409842791548 36.12983392891928 92.43931836898447
10 67.11435104917693 32.57610617807388 92.76627799644577
11 76.35842791152929 24.695917223806756 92.74041448585584
12 70.37740164131534 29.199982890600637 92.64317193830047
13 66.66592964471756 30.961210124833993 92.57946500072771
14 61.535573790978674 35.05553919267759 92.64317193830047
15 59.2086586356293 31.657253420636273 92.64317193830047
16 71.00695351062262 28.46796073996073 92.65482255552044
17 58.25720760437447 34.16191108056538 92.57237888630937
18 67.67683343616307 26.3384656636049 92.53011907701948
19 66.51769046861689 33.87803171855856 92.68657125383503
20 73.3381152455092 29.12812746952828 92.65873645484157
21 83.14640003402822 16.86514681935409 92.57237888630937
22 76.687723752935 26.043285718660403 92.65873645484157
23 73.45129533104539 26.998644828208295 92.6825471035353
24 68.35664141942604 29.24732252312374 92.6825471035353
25 74.42092165784258 23.176065878060783 92.69466846406765
1 39.379344098791634 37.636568765945164 92.27603602059675
2 55.00892092183992 36.27402079299388 93.85250552318655
3 54.1562349006475 36.05613263246882 93.85250552318655
4 46.25292863111448 39.40924597232126 91.93357331188756
5 62.02442011115552 37.207482539384145 91.93357331188756
6 48.83861389087986 40.28050130467257 91.93357331188756
7 75.63978830233012 28.923593062627408 92.47699002086159
8 70.72516189674285 32.91935487959618 92.47699002086159
9 72.29829322023718 31.538865975114813 92.47699002086159
10 76.88041437198136 29.14812388226403 92.11520306650934
11 79.58509031841265 23.233065845797974 92.92188534076949
12 83.3324361105767 22.180174609586675 92.27699002086159
13 77.84419179580644 30.16463532418774 92.33357331188756
14 78.29144463700436 30.761602459162585 93.33214184093667
15 69.92356879951333 33.69387114254343 93.33214184093667
16 78.26406911917128 28.12778688264325 93.33214184093667
17 74.22270145979022 31.549123526368987 93.54250462797222
18 79.45174585592841 26.805420608491996 93.33214184093667
19 63.68327671256443 40.33521597527382 92.86728120673463
20 83.56692166823896 25.21054180013599 92.65873645484157
21 75.46096099870029 30.43646939175178 92.65873645484157
22 75.87174165521922 31.10199746690235 92.86728120673463
23 87.1144199015334 14.542845029477775 92.86728120673463
24 81.5835947251704 25.974294943596036 92.65873645484157
25 85.25374362519862 18.499779450162634 93.37504998251859
1 35.08752653819143 43.174063749928095 91.96878821817863
2 50.84599828113155 38.186626545874766 91.93357331188756
3 50.04747851204159 41.431027845454274 91.93357331188756
4 57.076851655008205 40.02469076655766 91.96878821817863
5 72.64533504957436 32.73813854171671 91.96878821817863
6 73.40135784476001 31.01955855263702 92.47212383121041
7 77.14761305889961 31.6963428736497 92.09874178945526
8 74.2249501496868 31.486135370962362 92.09874178945526
9 67.06129829055193 38.576927083842975 92.47212383121041
10 69.45750394052082 37.564351460421626 92.47212383121041
11 84.6851974761413 21.275605862050146 93.13616819497439
12 78.23370495869922 30.299553122777095 92.16878821817863
13 84.86532634776074 22.320017819566022 92.13357331188756
14 89.50404253333309 11.090633742099106 92.8769900208616
15 85.44300953589023 22.759118320640052 92.04317193830046
16 83.00853581604215 21.003652877836927 92.45873645484157
17 82.60402460426485 24.81979405717245 93.13616819497439
18 78.74847782770662 30.11839499754601 92.29466846406764
19 84.97846479578803 20.44454756411328 92.8769900208616
20 86.47309336725121 17.948280176723053 93.13616819497439
21 77.17411537055025 30.023632655327436 92.23931836898447
22 82.1261306348532 26.485528738534953 93.13616819497439
23 71.58854049601874 34.13745924262583 93.13616819497439
24 81.65251339714622 24.886179655747426 93.13616819497439
25 76.43254890066069 29.747535222676863 92.8769900208616
1 47.4115093390249 36.94574079701752 92.56956207860756
2 48.10122595169638 37.933355780594084 91.93357331188756
3 48.00760743822018 40.397013335622894 91.96878821817863
4 60.69576341662586 34.6378029768802 91.93357331188756
5 58.15595097727153 32.43071938369502 91.85873645484158
6 57.74899008895481 38.30488702003444 91.96878821817863
7 69.51695553021179 29.143729603708657 91.96878821817863
8 51.39097868341228 40.33306369832379 92.7124036647676
9 60.29883956404342 37.34511679337211 92.16889138314542
10 67.31882100436384 30.37517343574651 92.76627799644577
11 65.93348306031805 30.035867389151726 92.76627799644577
12 58.93472149690399 36.89496544688336 93.57611947915372
13 73.37896685397489 26.16193169403427 93.57611947915372
14 74.30943379661991 24.436297168856395 92.16889138314542
15 72.3049246700032 25.611937681121617 92.57237888630937
16 73.37405118814348 25.91908852512885 92.55809292906189
17 66.47359233854547 30.032013479622684 92.64317193830047
18 72.74362752641858 28.364870977028232 93.32772932632852
19 70.53612562100258 28.659304093883666 93.11240366476761
20 70.6395562352135 27.990128008155878 93.32772932632852
21 56.6065544335579 37.36536702413381 93.32772932632852
22 58.73500495129882 37.12051244113941 93.32772932632852
23 74.409622867344 29.673646117263324 92.56878821817864
24 78.14047952887299 22.61147347769674 93.47699002086159
25 81.81949179075818 20.29504752091923 93.45289246928253
1 44.07040558680795 38.24313549426351 92.46728120673463
2 52.55079468595691 37.34572104455951 92.53357331188757
3 57.820149272471966 35.860908310019724 92.76627799644577
4 70.45963582349914 30.41442968177845 94.36956207860757
5 64.19756179820995 31.954310516770356 91.93357331188756
6 70.31573354005434 25.54618972728281 92.76627799644577
7 64.89501213063009 33.57014581687798 92.76627799644577
8 68.98253857976788 29.312595971554767 92.76627799644577
9 71.57754811474399 27.823418524051668 92.93214184093668
10 74.54029422230231 24.515696033548956 92.65873645484157
11 70.98938686982339 27.882956975691584 92.37598249381266
12 70.24823371094689 28.879825121174484 92.65873645484157
13 66.05137858887986 33.46831724804989 93.32772932632852
14 69.50730067988545 30.5817685232634 92.65873645484157
15 72.71902348469973 28.890116265371347 92.68657125383503
16 56.606502801752 35.888180325801 92.65873645484157
17 52.727607302706716 41.89880327602872 92.65873645484157
18 85.84169360187354 17.968998711135463 92.57237888630937
19 84.65446785836177 17.35200099631865 92.65873645484157
20 68.0059171706653 32.28614059581563 92.64317193830047
21 70.92874543786361 30.912777882281574 93.32772932632852
22 72.8639423660961 24.07293343068164 92.68657125383503
23 64.13875315469025 26.66552259763504 92.68657125383503
24 68.14056149117843 26.45135511411801 92.64317193830047
25 76.54295578390685 22.969486218746827 92.64317193830047