
1 -2.299493644206394 9.459926836494628 57.216174817670264
2 -4.124795791892276 5.388561784363808 30.234808897215157
3 -4.4132355389786735 5.179002260702794 21.721885340769482
4 -4.113974190032667 5.950141455063768 30.234808897215157
5 -4.473663170635806 5.937771450863238 30.234808897215157
6 -4.541299817433703 5.310675223839829 30.153561224942276
7 -4.110049206936393 6.541428963004293 30.153561224942276
8 -4.750351242940549 4.1056241342818325 13.009567413221264
9 -4.223996293801077 8.0495879201462 57.216174817670264
10 -4.9567388789813975 4.239286535811512 20.9669137782012
11 -3.9787392879635717 8.99828839491914 57.216174817670264
12 -4.885017353212751 4.760031923464805 21.10284613236326
13 -4.692732932102845 5.210655230668064 21.326676732828506
14 -4.8479850584004 4.965684182887246 30.153561224942276
15 -4.7330783287082365 5.084074190978909 21.721885340769482
16 -4.664229350554722 5.492319277293726 21.326676732828506
17 -4.930306819693612 4.225464606681147 21.326676732828506
18 -4.1771074010868 8.545072343164104 56.90192571783376
19 -4.540777488041954 5.86549427871769 30.234808897215157
20 -4.099476517476302 8.603150632492664 56.90192571783376
21 -4.201602798748706 8.352123184283824 57.216174817670264
22 -4.834330610044054 4.752919279090874 21.10284613236326
23 -4.744087087089278 5.420567395564651 30.153561224942276
24 -4.426837668048039 7.778557138290821 57.216174817670264
25 -4.681498077300316 5.246789667834181 21.721885340769482