
1 43.54282980574013 40.44153333987406 92.94041448585585
2 57.39232890094031 33.307451196753185 92.93193985886488
3 63.96766442022069 34.515055690207014 93.32772932632852
4 53.78443415155332 36.17329491570848 93.17504998251859
5 56.596088443295784 37.01576055975113 92.9750499825186
6 52.14389808159209 35.10701008446805 92.88188000615578
7 48.98830541011074 36.89065306710911 93.17504998251859
8 42.37654760186358 36.51806933757381 92.88188000615578
9 48.04447893800112 35.40157824470795 93.17504998251859
10 45.8996072176815 33.66106575985345 92.93214184093668
11 58.6121130861102 30.680474184128997 92.93214184093668
12 67.56806598518266 25.879627324256003 92.93214184093668
13 65.10182340426738 24.101161052904292 92.72772932632853
14 62.20224520366294 29.152753515006122 92.37598249381266
15 62.20815930442798 31.427284195103006 92.7750499825186
16 67.56879329693227 28.76477759421563 93.17504998251859
17 68.10526940004324 26.806938819997196 92.78936470590374
18 63.430146525190274 33.98687855776235 92.23931836898447
19 66.79877967032569 33.447846329534414 93.17504998251859
20 58.73966112971134 34.36152582261905 93.17504998251859
21 76.68903008015513 21.19377786907193 93.52700044143626
22 69.61088350686389 26.544510709180695 93.52188534076949
23 73.24188124651894 23.580763809885976 92.48188000615578
24 70.65406828980703 23.197321196721937 93.17504998251859
25 64.99407126688895 27.861942184049663 93.27699002086159