
1 34.55959781727577 29.410566183569724 86.06661051127247
2 34.74694910160389 29.42857922743193 75.20090734553948
3 42.27062596527434 28.563056597216303 75.20090734553948
4 40.91179994427932 28.21496248796818 87.62405089685369
5 46.351395368373424 25.594821854173098 85.00763751052513
6 47.88934909833812 23.63897696401629 86.8825471035353
7 47.660995601222396 23.552074620837768 86.22784596782223
8 44.134403421934266 25.549886622539983 87.4825471035353
9 52.60393952082777 22.636059130169244 87.4825471035353
10 46.5421000273165 20.116215143832044 87.4825471035353
11 45.12842368841308 27.171243604910774 86.82405089685369
12 51.75596555376433 23.00106998771837 86.22784596782223
13 49.7932493327372 22.3722537254281 87.62405089685369
14 50.02201474757679 21.947936412841678 87.62784596782224
15 54.392467342540385 21.51133535055854 87.62784596782224
16 55.313711888841986 21.094235224087715 87.62784596782224
17 48.05750478937097 23.410451838070973 87.62405089685369
18 48.583711680734346 24.10342287251629 87.62784596782224
19 55.4043136764226 23.137155347878238 87.62784596782224
20 50.21943548162365 22.5408771887249 87.62405089685369
21 42.92318513677548 29.597330961525017 87.62405089685369
22 49.26610345951137 20.9186788535156 87.62405089685369
23 58.41125618210081 19.117917570007158 87.62405089685369
24 48.364798406261755 21.333252591659285 87.62405089685369
25 50.53272432942195 22.307283315685638 86.18322890233343
