1.290450630778121166e+00
1.254779121523463381e+00
2.183821833914162180e+00
3.872267553459771694e-01
-5.149743950966034767e-02
-9.972669691006723625e-01
-5.034911908503874045e-01
1.119471149333094440e+00
4.499376911557990688e-01
-1.806538433414406342e+00
-1.960050782211077980e-01
1.011724353599937398e+00
-2.596473920231672228e-01
-2.030108386160304423e+00
7.685019095805813993e-01
2.891109076680856926e+00
-3.075654907338414290e-01
1.540239801391869889e+00
2.022946187599585777e+00
1.307724561436502952e-01
-1.558299447194546605e-01
-6.906032607886847252e-01
-5.215631355829364324e-02
2.022288721107600828e+00
-6.677627606026235174e-01
-3.593733373767182826e-02
8.798622008859877663e-01
-7.547841057158051203e-01
-1.360529863893661151e+00
8.234579043925696062e-01
-1.332658079192479805e+00
-1.194896293043343771e+00
-5.705519587502982937e-01
-2.080541313984894725e+00
1.383068863259564907e+00
-1.752701350625298637e-01
6.322896788590770534e-01
1.836365616854336302e-01
9.964166279475756838e-01
6.521027557189380541e-01
3.309644887023996951e-01
-3.471213388545679734e-01
1.148292945335428250e+00
-1.182870929720620135e+00
8.858114328826756090e-01
-1.210703746936531600e+00
-1.929955774704531279e+00
7.057255120412704308e-01
-1.017547967147188093e+00
5.881616372235649592e-01
9.001520334536894374e-01
-1.601624728063557601e-01
-9.004931796400030830e-01
-1.057103504039767827e+00
-7.657753781430498563e-02
2.025979625168169207e+00
1.979291019762318360e+00
-1.293126186940005695e-01
1.290368763482313996e+00
-4.057094812012838059e-01
-2.076551748846346079e+00
4.564366140554776408e-03
-2.601960530082441103e-01
-8.431473265621138857e-01
4.303811681349922758e-01
1.765967455276895581e-01
1.102624232586113528e-02
-3.172621651155573819e-01
4.608539284727382057e-01
-1.006037146754564127e+00
1.955781637031830389e-01
5.987781914037737518e-01
1.904244771217610044e+00
-1.460344533129988243e+00
4.635498551254015887e-01
1.302429359634782458e-01
5.394417906594006773e-02
-1.848183316557007405e+00
-9.516686738384243505e-01
-1.330711797991650513e-01
1.953391718560504753e+00
-4.576790480154777629e-01
-9.006977307106813768e-01
4.193830032551586484e-01
-2.759290655492001587e-01
-1.404210048107494391e+00
-2.504077171959071091e+00
9.554898862940508497e-01
-1.293059887838389210e+00
-9.356331182790600387e-01
4.618939618388631096e-01
-5.900699106091100710e-02
-1.405544973854987667e+00
-9.519078386733592634e-01
4.261336165185780622e-02
-3.270975475321127313e-01
-1.603008306358124635e-01
-1.902546783816162046e+00
2.073256682722687039e+00
-1.598851328432426833e-01
1.302838008358445210e+00
1.120914345499870013e+00
1.583048839680185615e+00
1.172114981164826819e-01
-1.007058720519472983e+00
1.791599236582302579e+00
-6.205256844133610894e-01
6.247572940790502294e-02
1.564053910063928576e+00
-2.771172677879230051e+00
-1.885256121660118689e+00
5.389768693858596471e-01
7.509683787942906807e-01
6.167664065782401117e-01
-2.037326463365241036e-01
-1.346029934256895988e-01
9.286919745193604747e-01
6.280783264245006769e-01
1.238737026994136903e+00
-2.191672455191043145e+00
-1.076263881871950101e+00
-2.225563841194166947e-02
-5.328725298619692019e-01
-1.244739116056912120e-01
-6.369462421935179197e-01
-1.039783424060621853e+00
-9.295204593215611322e-01
1.737013366816488213e+00
-1.967023742288902532e-01
1.849304887698955513e+00
1.037396949041933247e-01
-8.322471317669752899e-01
1.715387735993162188e+00
-1.949029929747259082e-02
-5.025726387623103975e-01
5.483033675150417174e-02
-1.827928227533169192e+00
1.196604443871977619e+00
-8.420225899390574309e-01
9.635024776330807228e-01
1.921346059805731921e+00
-6.993135249722317592e-01
6.040819535133754581e-01
-5.364905391726426664e-01
2.384559157212053915e-01
-1.595574737967283552e+00
2.072786435828653850e+00
-6.250222678214902849e-01
5.572536926965099280e-01
6.570110981421060092e-01
-1.708857638720638450e+00
-1.908516696308455218e+00
-9.796262062719582886e-01
-9.846661513894690021e-01
2.198151372986496987e+00
-1.668824772829293979e+00
-7.510390114965208586e-01
-1.456600732297885781e-01
-4.395780427158513248e-01
-8.416694848121821781e-01
-3.609642580198353379e-01
3.056075066792796058e-01
2.684605201198531077e-01
-1.659254343996248604e+00
-5.118763767337339843e-01
4.422977573122666151e-01
-7.982019981670749331e-01
1.591373418459241851e+00
-4.083549311300438411e-02
-1.802446878984277800e+00
3.774822979206844398e-01
2.244752985208592566e+00
-5.527527081315659618e-01
3.392531328192129880e-01
1.904874749809496004e+00
-4.997547260570303074e-01
-7.264687718184332788e-01
-1.782685191365534605e+00
7.121669625247837310e-01
-6.721166259409105947e-03
1.532868003254739264e-02
1.200098026014760455e+00
5.434153955779210676e-01
-1.409753829159777316e+00
7.794139994225268708e-01
2.739539625253795130e-02
5.060989227046945871e-01
1.052977958712912887e+00
-4.286217201899469309e-01
-6.476234212298845883e-01
-2.037591112589737463e+00
1.725929003349827795e+00
7.482151014359090802e-01
1.076172014879146488e+00
-8.320746055998711199e-01
7.732120306010585864e-01
1.079319976200904696e+00
2.186502989691567755e-01
2.570489410593356006e+00
-1.573022528988884838e+00
-3.216563767564906140e-01
-2.990010224137864547e-01
-2.627063045824128196e+00
4.996986639481737491e-02
1.193963962105968335e-01
-5.372325283322620937e-01
1.766435004310351831e+00
-2.090145623718842938e+00
-3.864736275487345996e-01
7.376818935249376263e-01
-8.320693720363459001e-01
-1.796306731445218574e+00
1.878949911230591185e+00
-1.449981228583061776e+00
1.760415601885175541e+00
-1.760731150572961257e+00
1.586356280120230000e+00
6.145004584811764037e-01
1.454376251548818111e+00
-7.068028766936036433e-01
-5.648197543414652522e-01
-4.221391970317882603e-01
-1.160958599103141031e+00
9.209804036018234275e-01
5.550052522224546703e-01
1.329521241089273609e+00
1.782182735212089586e+00
-7.434878492082293011e-01
-3.736036015645374242e-01
-6.928420327960624903e-01
-1.183251438788951004e+00
-1.397354877443272470e+00
-4.486363457070028371e-01
-5.015433033541114582e-01
-1.096318769398416659e-01
4.567566351291805216e-01
-6.256332946069504963e-01
1.046621155968443517e+00
-4.681946066270441520e-01
1.065950008516407532e+00
-2.443452297589730815e+00
-1.797963886489328811e+00
-2.352742709126909304e-01
-1.890227563481750250e+00
1.397697649899348971e+00
6.281785715725372032e-01
7.004065539610653257e-01
-1.467343308331854335e-01
2.719167913887017285e+00
-2.909056777431644480e-01
-1.120008079484780650e+00
-1.728606664318068198e+00
7.402145112379012737e-01
-7.519436710184683736e-01
-7.862959680631995685e-01
-8.556973650341137549e-01
-4.631981554939923473e-01
-1.853708474021713348e+00
2.140140716187896253e+00
-1.612761958620623659e+00
-1.152895825044660372e+00
-1.102056922069226230e+00
1.453499364155910190e-01
-2.879646550425144724e+00
4.968321407488973662e-02
