4.893702937256214636e-01
4.858627608711645340e-01
1.461112278056906799e+00
-1.039902091166311493e-02
-4.617226566475420846e-01
-7.058006207021350065e-04
-8.813088354015456982e-01
6.240308147824391583e-01
4.389170827876864855e-02
-7.238664904593272720e-01
1.152427351746989626e-01
2.380389507325473275e-01
8.185795327278380107e-01
-5.828393216894081075e-01
5.637778338429604297e-01
6.974695244246991166e-01
-6.481359971978442047e-01
6.433296383184168299e-01
3.047375361544353289e-01
-6.891736919091382418e-01
1.021980568956692759e+00
-9.124346297773988645e-02
4.885620745819152511e-02
-9.002614677371807428e-01
-5.758124046332853130e-01
-1.112776513847737458e-01
6.758481633093018637e-01
2.392728524662972589e-01
-8.228161227079535678e-01
3.034469192768256551e-01
1.536500945358498793e-01
4.875309108804304348e-01
-7.942119614671721006e-01
6.282825812795294063e-01
-2.691044617145983420e-01
2.693004344221352486e-01
-8.343386166254140868e-01
1.007539879236710068e+00
8.838622836511631498e-01
9.623652691347084343e-02
-1.660523484737019828e+00
-4.406038357139325790e-01
-4.402959184622632360e-01
1.022581267275151529e+00
4.382904446827009526e-01
-9.331937186833632047e-01
-5.845488544938288733e-01
-5.601081901863438350e-01
-9.295195059518950309e-01
-7.835340928168774699e-01
8.576353305145125727e-01
-4.981586560620081539e-01
-7.462408176530630488e-01
8.181091038646892688e-01
-6.840324812913500807e-02
1.845739591940042557e+00
-1.052837968380959666e-03
9.455067510478267767e-01
-1.581418825359258706e+00
5.260980759094120440e-01
-6.311530554143329752e-02
4.253504367529625796e-01
-9.723710058209285023e-01
-2.665341621906747172e-02
-1.066714655144042290e+00
-1.374079818740764791e+00
4.368453384296189235e-02
5.579712029820975694e-01
-9.568971651162534453e-01
1.860434852189363220e-02
1.599309289264748246e+00
8.702006404703177544e-02
8.031771256639050893e-01
9.510058827225558176e-01
9.885032077717330612e-01
-8.066008834253726167e-01
-8.537470439534415867e-01
-1.570317641326524072e+00
1.038440311176552333e+00
6.228581229754943660e-01
1.268208567491035943e-01
8.751463289099681298e-01
4.407885119998788959e-01
-1.252518259248935895e-01
-3.598549505234633905e-01
-3.523456948978176406e-02
2.579888123957685409e-01
8.622279921404309988e-01
-8.472373905496757285e-01
-6.603936771088616542e-01
-1.138985722154177038e+00
-2.435177732846502963e-01
7.301939852194518910e-01
-3.709264963605121146e-01
9.420517993816526214e-01
2.745998132155009763e-01
6.249069845910177889e-01
-8.506513790944738584e-01
-7.240330947859794364e-01
2.162836149758413651e-01
-8.993884759870685031e-01
-2.207530621427318263e-01
-8.241223663610333094e-01
-1.752101770085254806e-01
-2.114510022104638676e-01
7.868792457894067116e-01
-4.297886482285246945e-01
1.302598837148632338e+00
6.110081046950535111e-01
5.236825278038965692e-01
4.305178670932798823e-01
1.100723892551517036e+00
-3.905412921966440187e-01
8.164442457237728323e-01
6.330354002399016800e-01
3.465607513107760163e-02
-2.065183296596178053e-01
-8.854881311290825341e-01
7.690474816621706289e-02
2.318908913340649303e-01
7.663850556959166394e-01
6.301195241535850755e-01
1.605203460922949077e+00
-9.689938221821923214e-01
-5.089075592983345331e-01
-9.149707263812314473e-01
1.117092970082651515e-01
-9.778099022747310798e-02
1.677287608936928187e-01
-3.890768423066885973e-01
5.113080360940946978e-01
7.271760178530135565e-01
-3.352111439180438524e-01
-1.031335607292287460e+00
-1.692766093799669136e-02
7.430763691931423498e-01
1.566635114632306536e-01
3.046491706480809469e-01
5.162437680846727606e-01
8.733340661633064439e-01
-2.650856383866981858e-01
7.159950938970307543e-01
-6.927856093900943701e-01
9.624088415467133562e-01
-5.972104486019664815e-01
3.165379200224407441e-01
-3.032625038980130139e-01
1.949074443197884587e-01
-5.952654862852950757e-01
1.367521059263962613e+00
9.933877294630910626e-03
-1.230307996418154470e+00
1.109464890358043965e+00
7.141870941304198084e-01
-9.587317476854213538e-01
8.161501280196135077e-01
-7.226601422617240367e-01
6.110578696617163796e-01
9.535630167553659220e-01
-3.536294717397048259e-01
-7.205495732039250978e-01
-8.032278276027391417e-01
3.814318448130846750e-01
-9.061474985181094954e-01
-4.529170617379123520e-01
-9.299155447636420213e-02
-9.764087779458898719e-01
5.402818168232783602e-01
6.098541135911461630e-01
2.883058724744667067e-01
-4.516995571771982299e-01
5.643389782020122869e-01
4.304351282239440302e-01
-5.066424051305429277e-01
1.744631469937394819e+00
2.110156306730441855e-01
4.109191865625461126e-01
-9.207677265949145706e-01
-5.279414807302227342e-01
-8.293773213258535115e-01
-1.296584260863127502e+00
-2.488410491684291959e-01
6.488261690656602632e-01
-3.722757673395062916e-01
-3.026557510411231888e-01
-8.537788084108568487e-01
-8.032904157793716582e-01
-5.526743704854051309e-01
-1.654653494082558352e+00
8.441750294130336840e-01
-6.148860464346006527e-01
1.487268204246294800e-01
-1.111858176113581065e+00
9.272756334698830649e-01
2.921837224824510582e-01
-9.764710568024272952e-01
-1.374577706277855027e+00
3.904905765282242758e-01
-9.630936021603642150e-01
6.021449974994730336e-01
1.014984570716351842e+00
4.080017559930690929e-01
2.058465827727049557e-01
7.172215925346603349e-02
-1.366226814817281809e-01
4.879917332267045271e-01
-5.763342401496673872e-01
-4.416475862186934886e-01
5.564942745093284238e-01
8.840092906668961525e-01
-7.332344060637479011e-01
-1.598038925524390530e+00
-6.596145137755518029e-01
-7.450675145873726368e-01
-3.719105048584072648e-01
-1.434145375095246644e+00
-4.103738687318738698e-01
4.470337994885851263e-01
6.784145261789324977e-01
-4.626015069411812952e-01
-9.791786580934502826e-01
7.562271578222534707e-01
5.039398142095576905e-01
2.669810152481506549e-01
-3.725447659125147304e-02
7.612978153807576920e-01
5.825046373121411936e-01
-6.463955986378340235e-01
5.129326218398579940e-01
9.496188788413000292e-01
1.271288253826558856e+00
1.937110363234693100e-01
1.563625444411803622e+00
6.008762746890801143e-01
3.591052851712663863e-01
-3.941821445288586911e-01
-8.517798555358202517e-01
-6.182325294795514292e-01
2.757119134516210490e-01
5.862022685017898027e-01
-8.645261242285706693e-01
6.280596862515239742e-01
4.130711820854078287e-01
-6.223813051280895348e-01
2.934550196043528292e-01
1.304484227537725527e-01
-1.589739019948799292e-01
7.520161483250378254e-01
-2.321630650222596959e-01
-1.778088509832631559e-03
-1.519436303561297219e+00
7.840227947250828500e-01
-8.167860985669739282e-01
9.617244163371760912e-01
-7.901394890339485944e-01
9.935903104046617251e-02
-5.988409560340257620e-01
2.527774985435038424e+00
-2.158033638427718781e-01
5.437864440257100807e-01
-3.212071684647341829e-01
-9.686150146615823964e-01
1.600086097740985203e+00
-3.941168355628266173e-01
-2.185048462891892029e-02
