

gen best mean std
0 87.727 16.317116 36.754908

gen best mean std
0 91.772379 22.33977 38.400312

gen best mean std
0 92.58272 16.479527 38.672923

gen best mean std
0 87.727 5.400027 27.991959

gen best mean std
0 30.127882 4.992886 14.356553

gen best mean std
0 21.29289 -0.437635 9.26923

gen best mean std
0 48.203942 3.188487 18.45217

gen best mean std
0 48.606372 -0.347046 16.318077

gen best mean std
0 91.772379 10.297104 29.407301

gen best mean std
0 89.601503 12.882639 28.484702

gen best mean std
0 89.409567 16.407296 34.29017

gen best mean std
0 87.727 3.567144 28.053432

gen best mean std
0 30.203942 1.517034 11.880485

gen best mean std
0 39.203942 -0.41729 13.47857

gen best mean std
0 87.727 12.869356 37.347973

gen best mean std
0 91.772379 30.16763 44.415303

gen best mean std
0 48.931096 6.953927 18.207833
1 87.727 27.498014 34.187516
2 91.772379 42.988874 32.99384
3 91.772379 59.7848 32.870034
4 91.772379 68.752612 33.441396
5 91.772379 75.687914 27.607466
6 91.772379 82.069124 23.374129
7 91.772379 84.943394 15.288466
8 91.772379 69.017709 32.105073
9 91.772379 79.472185 20.123767
10 91.772379 79.69181 20.244463
11 91.772379 78.766722 22.180755
12 91.772379 84.883284 15.317388
13 91.772379 82.042517 17.408172
14 91.772379 82.082799 17.43016
15 91.772379 74.24809 26.540994
16 91.772379 74.24809 26.540994
doomsday
17 91.772379 70.525108 33.44787
18 91.772379 86.903145 10.130714
19 91.772379 84.676145 18.261616
20 91.772379 84.271607 18.144368
21 92.518596 90.098534 2.302796
22 92.518596 84.42085 18.208406
23 92.518596 77.73409 23.895948
24 92.518596 76.796202 22.348937
25 92.518596 81.62342 18.673064
26 92.518596 72.445849 31.965908
27 92.518596 71.070754 32.431506
28 92.518596 78.84195 26.090787
29 92.518596 70.555565 27.418123

gen best mean std
29 92.518596 70.555565 27.418123