4.824166232177644620e-01
1.672776150565857822e-01
1.019564872820437618e-01
1.000000000000000000e+00
-9.577011768202854380e-01
-2.839906606256539234e-01
2.999044187333281819e-01
-3.153454126637612598e-01
-1.000000000000000000e+00
1.000000000000000000e+00
7.999473425826526540e-01
-6.611658459967728607e-01
-3.271388505300376615e-01
2.623691795446758679e-01
-2.311024509256278670e-01
-7.107499031675879042e-01
-5.278835415709284273e-01
-6.633324836269045566e-01
5.242531559089331772e-01
2.163205198437838650e-01
3.573779261212206571e-02
1.475002410092672855e-01
-4.860076468416475448e-01
1.000000000000000000e+00
-4.003817282952952805e-01
8.983404897324737126e-01
-7.156307292548638177e-01
6.717898430993851644e-01
-4.199097219179035445e-01
7.624498491302951209e-01
-9.505244751675777648e-01
-1.000000000000000000e+00
-1.000000000000000000e+00
-6.490237793189075344e-01
-2.631618856469911671e-01
-3.339904583619919265e-01
1.000000000000000000e+00
-4.896946377129107741e-01
-4.421835539091225620e-01
9.091519446992357700e-01
6.900388454074473099e-01
-1.320933670797792558e-01
-3.341942735768861361e-01
3.062439840534891822e-02
5.928882096349090691e-01
1.000000000000000000e+00
-9.504626030359286659e-02
-1.102469431302033342e-02
-1.865475021568188119e-01
-5.562483271823628339e-01
-2.689415092199112234e-01
-3.019353619939193489e-01
-4.671710800904689265e-01
5.944930004394590739e-01
-2.778883083465499837e-01
5.343100432562908342e-01
8.669945266594167865e-01
9.789353374970853894e-01
9.759987719128468964e-01
1.500683887901481661e-01
5.270472007378701473e-01
7.406656825488036056e-01
9.988555336390558814e-01
-7.591933187324972909e-01
3.293361849948497899e-01
-1.890109032529817545e-01
-1.000000000000000000e+00
-9.450280967374897756e-01
-4.383251161838737087e-01
7.228143310941161914e-01
1.569813658515951671e-01
-4.990364489378973367e-02
7.958005329678579098e-01
8.894631799768849545e-01
-8.293154833579727825e-01
-5.133745933639159986e-01
-5.360831779136572273e-01
6.467518165337735603e-01
6.547836181359363295e-01
8.771131155604678931e-01
1.000000000000000000e+00
4.169651846770472403e-01
-5.569052534876228755e-02
-1.878318315995845811e-01
1.386703011852925549e-01
-5.593100398724148992e-02
-5.997551354155739034e-01
-4.842978765393759488e-01
-1.000000000000000000e+00
9.673510164024414770e-01
9.224848484502863322e-01
-5.087723595353159656e-01
8.144480716416289123e-01
-1.000000000000000000e+00
-5.516830708821778284e-01
-6.510942424416381602e-01
-4.656132095056531028e-01
-1.275835023056421935e-01
3.133140466868669094e-01
1.000000000000000000e+00
5.287883522185751195e-01
8.751532579840959336e-01
-2.735899588210577438e-01
-7.055611068162110922e-01
-1.000000000000000000e+00
1.000000000000000000e+00
9.608312265849423550e-01
-3.997231926378712608e-01
-9.984872776375386394e-02
-1.491049473924703772e-01
5.298401654134077265e-01
-4.049917130929346909e-01
5.081244606941726083e-02
9.290473994141874581e-01
-6.995173916267218850e-01
-1.000000000000000000e+00
-6.224161498682583282e-01
6.973641411268811652e-01
9.999165980860957870e-01
-1.000000000000000000e+00
-1.248962878485539996e-01
-1.617777614496125338e-01
4.671190207796626082e-01
-5.175735918307948769e-01
-9.503008797909715533e-01
1.460314703319443019e-02
8.927650733050680465e-01
3.435683848116704020e-01
-8.234663540946618454e-01
-1.309800730909451705e-01
5.824032424634875138e-01
-6.014004852008465463e-01
-1.000000000000000000e+00
-1.000000000000000000e+00
-7.117326610442142876e-01
1.000000000000000000e+00
6.320697372496009159e-02
8.315816218166991458e-01
7.640191021634892277e-01
-9.001954157938936163e-01
3.161243553190200006e-01
4.850269413103300842e-01
1.000000000000000000e+00
-1.000000000000000000e+00
-2.160484009678838024e-01
6.748816368363943496e-01
-1.853967492917635851e-01
-3.434761205033662890e-01
1.000000000000000000e+00
5.844902030172245411e-01
-2.682617689289590324e-02
-4.249035169826351765e-01
-4.190597974919603730e-01
3.297983433628863814e-01
-1.000000000000000000e+00
8.853876946893313171e-01
6.967292460972118739e-01
7.057067265191154792e-01
1.000000000000000000e+00
3.283806640986854375e-01
-9.645967107098174509e-01
-2.395440899504812649e-01
7.825124021085372306e-02
8.518091589103764516e-01
-8.957984243521410761e-01
-1.000000000000000000e+00
-1.423450229463368855e-01
7.852291689823921450e-01
9.031722437956184457e-01
-1.521958327668502253e-01
-6.861188495731673775e-01
-3.540707683055214217e-01
-2.004820276648067168e-01
-6.827152533827893777e-01
-9.207652889526882767e-01
2.536681460335106220e-01
6.300539146378554278e-01
-2.894566671362377441e-01
-4.139209859459286323e-01
-6.283775135928182376e-02
-8.909705417535235261e-02
-1.000000000000000000e+00
-3.394445863981050415e-01
1.339582685320017674e-02
-8.273008913213453219e-02
-4.803951958858085902e-01
-2.522294348072173786e-02
1.000000000000000000e+00
1.783291348570757717e-01
8.441606053848116353e-02
2.692897725691389965e-01
7.564588727107119936e-01
2.231205105165926794e-01
-1.000000000000000000e+00
-1.196128622990382251e-01
3.532833723529584802e-01
2.975654051139484668e-01
-7.006904815554810817e-01
-1.296593642758983034e-01
-6.845816795319654702e-01
-4.078394786696117880e-01
-7.880621016415387814e-01
-5.221314651341686375e-01
-8.944558661294372826e-01
-6.582830120082041603e-01
-2.657892503335008705e-01
1.000000000000000000e+00
-3.160344296063737346e-01
-7.225113417224895418e-01
-1.000000000000000000e+00
1.000000000000000000e+00
-5.420026239896325732e-02
1.803551198233408481e-01
1.000000000000000000e+00
-5.959088652322306334e-01
-7.275985589435560730e-01
6.908621548377646970e-01
-4.966204158381771205e-01
4.843047987332705917e-01
-1.243268764369969137e-01
-4.604682131939843437e-01
3.517910924395850625e-01
3.117467237952293857e-01
8.516508092740995850e-02
-1.000000000000000000e+00
-8.422840698822713357e-01
-1.000000000000000000e+00
1.742584552625430216e-01
5.101781172142267895e-01
-1.948144197794459132e-01
4.619849107373056318e-01
-1.000000000000000000e+00
-8.911611028909902643e-01
1.440799769695555455e-01
-7.781729059768321966e-02
-2.776455135495392579e-02
-4.122833903590699123e-01
-1.000000000000000000e+00
-5.163627035245816899e-01
7.492560953674292090e-01
-1.000000000000000000e+00
-4.011303319410071122e-01
-8.515207550542165382e-01
6.143783428007720815e-01
-1.000000000000000000e+00
-1.000000000000000000e+00
8.668320488167220450e-01
-2.229957241226063758e-01
8.058686869919459150e-01
1.000000000000000000e+00
6.923541923387404040e-01
4.435247322930482294e-01
1.000000000000000000e+00
-1.000000000000000000e+00
7.188195538402974982e-01
5.132949290233408401e-01
-1.000000000000000000e+00
2.429800704846504233e-01
9.524983454386055648e-01
-1.000000000000000000e+00
2.618206412873096967e-01
-1.000000000000000000e+00
5.569309551757644083e-01
-9.860039395326010148e-01
1.000000000000000000e+00
