3.429714780619641523e-01
-6.859560167752978277e-01
-1.944181968996980814e-01
-4.757546628550429091e+00
7.541326707359894410e-01
3.387354491667426970e-01
5.533418018848506037e-01
-5.072610587178039143e-01
1.123529579412875012e+00
-5.053604077476860912e-01
1.215297313272773794e+00
-5.047593378682324605e-02
-1.011339092522009375e+00
-2.920936846919897079e-02
-1.152289072254862878e+00
-8.968289692912123634e-01
-1.592670079258753368e-01
-7.683895328463929975e-01
1.185770857279424551e+00
-1.085177934859172133e+00
1.312746256154150748e+00
-1.565041758680899786e+00
-1.218476128488434007e+00
-1.058985892075005264e+00
3.724685877972535586e-01
7.466799457163519893e-01
-4.579019484109019267e-01
7.902234082066630361e-01
-5.429141693195680407e-01
6.806395093178490008e-01
-9.284039848629377367e-01
1.351006722647479785e+00
1.751029619114781166e-01
-1.131930022552068538e+00
-1.088403780544443755e+00
-2.816107090099249088e-01
-2.240152832399774585e+00
5.299616340663824143e-01
-1.963086362392241879e+00
3.380855700920466056e+00
1.786156938618097545e+00
-3.319589879727393722e-01
-8.611707144920706103e-01
-2.092519833192014733e-01
1.096250410229198335e+00
-1.895211320092105023e-01
-1.035850140006339348e+00
1.388887272836996756e+00
1.840532307772221099e+00
-1.134257001100481554e+00
9.973884725284376529e-02
8.793682079362727944e-01
4.819112583681186557e-01
-3.876313539377747031e-01
4.591637416902409896e-01
-2.698706390028726698e-01
-9.992241001471380279e-01
9.120275341466066443e-01
1.589240885167637618e-01
-1.592565642498770639e+00
-1.219730168996866482e-01
5.447491827155095390e-01
-1.690198540594842758e-01
6.890056072626034034e-01
-1.972454885809897807e-01
-1.058930095421605655e+00
5.434247483207088614e-02
2.642510865928917596e-01
4.690001719484360176e-01
8.032536120702475912e-01
3.062449578324186739e-01
1.986790394317312636e-01
-1.756930424556876869e+00
-6.688357417210117895e-01
1.914991399882208789e-01
-6.707333760693989788e-02
-6.714241926507313885e-02
-8.292347675565567844e-01
-1.518684961887293294e-01
2.158963930130101794e+00
-1.588637915832394443e+00
5.458936960739011468e-01
-4.851629263414529714e-01
4.371883271904903889e-01
5.484282771285282632e-01
1.159968347039252556e+00
-5.614793309486549866e-01
8.178607369743757793e-01
1.161453103171674606e-01
-1.259117910570905607e+00
9.989470431060758493e-01
-4.352356093002691662e-01
-1.458191371959755900e+00
-1.254429124445049837e+00
8.594847741296232080e-01
8.614953531102604867e-01
-3.598563759819730645e-01
6.242176579244951284e-01
5.353618701958802184e-01
-1.077107797458110028e-02
-2.209179244480450333e-01
6.854997883399329694e-01
2.197455901868852202e-01
1.111496966949156562e+00
2.337979667535177164e-01
1.207397666609843379e+00
-5.871225896672254141e-01
-2.182797313052652122e+00
-9.048532884364557383e-02
-1.071778651071073618e-01
-3.412254077808045682e-01
1.246449165968460226e+00
-3.645921505288063358e-01
1.767278942294185917e-01
1.339554876563868291e+00
3.989370993438776658e-01
-7.268658430177172836e-01
-3.930625237972742436e-01
6.810983857782169082e-01
-1.759034935261876154e-01
1.581748722890835124e+00
4.615907466232687106e-01
3.833908164189656631e-01
-8.927454045745981670e-01
-2.109137014232177254e+00
-2.456926308269060666e-01
-3.051250156471796426e-01
2.623201601848467845e+00
1.522592784212720929e+00
-5.045460107332337962e-01
-1.126874505692528006e+00
5.626397539499932154e-01
2.340901028076285417e+00
1.462297688790309858e+00
6.304405876849410451e-01
-2.933199664201928236e+00
9.091069132614904014e-02
1.190402615423394428e+00
1.362196080467476866e+00
-4.654677438402043954e-01
-1.685416786238289610e-01
1.881488768548447155e-01
-1.435937851434798684e-01
-3.138286996161875564e+00
-1.770290410361521349e-01
2.752601137533315701e+00
1.472301692506428950e+00
3.706655265714394965e+00
4.564160260860652407e-01
1.511692349872270524e+00
-1.101794640690103799e+00
-4.040152731485495696e-01
-4.855325649916593100e-01
2.490790067916632822e+00
2.496585872840292097e+00
3.957743854180975074e-01
-1.304412141049007268e-01
2.425364666505315014e+00
1.909949508247219541e-01
2.274283739439399099e+00
-1.506613820738735399e+00
1.410481350446988191e-01
8.467696564109001844e-01
1.174457578744763753e+00
2.478107314144370577e+00
-3.649760500855552259e-01
-2.734446523693516706e-01
-1.866165705504696515e+00
-1.727459226454374219e+00
9.917688921511682576e-01
8.438428010563487902e-01
-1.322714849307691676e+00
4.478730943380224705e-01
-1.236472374047459466e+00
-3.896351823246371193e-01
-1.127879094198158683e-02
-1.450158434042925659e+00
-6.188258032182551993e-01
5.603843697653010381e-01
8.277862490342831059e-01
-5.707132642653076626e-01
4.429894699048440021e-01
-1.223691396395172326e-01
1.675805588807405710e+00
-7.101417731432688729e-01
6.928644200702192002e-01
7.443963425345820895e-01
1.923136940306320319e+00
6.130782389755904394e-01
3.306787655931244796e-01
7.844057581797396761e-01
1.492983859868541652e+00
1.806183550643323255e-01
1.028398228000082959e+00
8.548794904102807735e-01
6.473529620669231655e-01
4.323012743696525995e-01
-3.436955681642497318e-01
8.937582568279855977e-02
2.633910222784577204e+00
-1.025810083464978373e+00
1.896950498995433332e-01
3.650417802157779334e-01
-1.434621289252701049e+00
-1.710030872428337734e+00
1.393381709939055746e+00
-1.356400361396209453e+00
2.683688424294621289e-01
2.013301306488643583e+00
3.065767351752055614e-01
3.024324725799216740e-01
-6.210838785460088829e-01
-7.273476351187107003e-01
-1.915000137374800460e-01
-8.938279909266901857e-01
1.074867335634039023e+00
-3.418919312583614811e-01
-4.150710722545833953e-01
-4.088750254194932765e-01
-1.673051719979086638e+00
1.412274236600770116e-01
-3.118255388777641191e+00
9.289426796705935185e-01
-2.120510436878781935e-01
1.259287890222891004e-01
-1.432591701950838070e+00
2.584736136662348915e-01
-1.241305357319414160e+00
-9.149095511350706644e-01
1.938860637661555808e+00
8.335291323707056943e-01
-7.498656110644108530e-01
-6.170583485299907522e-02
1.525731047519656158e-01
2.304749771143179693e-01
-1.203885014676288723e+00
-5.632775330078709786e-01
3.721482895002030666e-01
1.169142935838987984e+00
-1.279837024039576665e+00
4.583896559788636083e-03
7.286633625448100116e-01
1.982945750382099748e+00
2.195903218707564442e-01
-3.114130329558075783e-01
4.548797353187965520e-01
-4.517129451198491630e-01
5.010580287844805802e-01
-6.761290608623200526e-01
8.615488190335860441e-01
-3.861681915730628134e-01
-1.148364152573124297e+00
3.392928305913411879e-01
-1.012958853125439429e+00
5.696885570537069121e-01
-2.443745522538018022e+00
2.380296126409631174e-01
2.595345590602565089e+00
1.636531832378582685e-01
-3.738862869079930817e-01
-1.135540386406825197e+00
8.858106762350748120e-02
-3.037212672447535677e-01
9.363522742158152390e-01
1.754481413399301637e+00
