
1 26.814777629315323 26.608736676949377 74.9669137782012
2 29.2144932603916 23.299749753565525 86.28957298262513
3 33.73176784019082 24.554920323798136 86.78322890233343
4 38.82907357460142 25.257822616710175 86.78322890233343
5 41.218481114916834 24.328066323776568 86.00307034478386
6 29.355207079909395 23.477900399552844 85.24416263053517
7 34.79409393524024 29.28860631845395 86.28957298262513
8 47.29091693015573 24.75142753514591 87.08254710353529
9 44.75647609378528 25.458315245119824 89.99140997390337
10 45.128626968384495 22.698621831220517 88.58939992297535
11 49.17901517966004 22.148082204897882 87.25060701409174
12 50.12509766936515 20.11553379834147 86.28957298262513
13 46.02018319495242 24.916804811482493 88.9335319430667
14 44.36133154320838 24.17179202758881 75.43931836898447
15 45.06383839618378 22.13004582442989 86.09736666659863
16 50.825610024572086 24.27573690358585 86.15026654476804
17 49.22241387524166 24.490817840484674 89.78322890233343
18 51.81617767535747 24.132459596298293 88.81173587691741
19 47.37701991824572 26.410990919638923 88.39140997390336
20 42.88346105441375 25.14619024958991 88.39140997390336
21 46.68975412749656 28.662954695741966 87.55389323451844
22 39.32858971868374 28.999705426979954 88.8467566657122
23 42.65948333270219 25.379934307271824 87.22405089685368
24 49.24033494400045 25.93060636146574 91.47574420258547
25 46.202455010502625 23.136532818919964 91.47574420258547