6.792928677634140211e-01
-4.984077359433447540e-02
-7.028571401010326181e-01
-3.140119915950085883e-01
-2.683228863316922119e-01
1.614746361768444105e+00
-5.056548178124549153e-01
4.331048046572807397e-01
-1.763519854837873879e+00
-6.935760470705254477e-01
-7.544942568311374664e-02
-2.342578579571910069e-01
2.677528469933967425e-01
1.255637755617124540e+00
3.045465718068423477e+00
-3.721300700291529928e-02
1.370055067446634967e+00
-2.448457719694641987e+00
2.306415167746341588e+00
-1.681619659879357576e+00
8.323462764070497233e-01
1.744797978960928697e+00
-3.780833206718166029e-01
2.336610088359722504e+00
-4.547610204635588182e-02
3.112044047521629331e-01
-2.932077373094998940e-01
-3.673740095557876728e+00
9.241328170835310107e-01
1.244955712128996250e+00
-1.988611698697433372e-01
-1.422802836721157593e-01
-9.459829465765812184e-01
3.426155934129024860e-01
-7.178865441221038424e-02
-2.766323946179005677e-01
-2.369166674695277308e+00
1.504583902022460506e-01
-2.353072690009563317e-01
6.045112468484330481e-01
1.637618102990349378e+00
-9.763724977738563737e-02
-3.569897764320704159e-01
-9.223695507709324115e-01
5.362497038900289059e-01
-7.756284312141452641e-01
7.605893962424936650e-01
2.137099406220881459e-01
-9.763651731067470863e-01
-1.622179664742235294e+00
2.089743340752104217e+00
3.735868631160130793e-01
-8.194010505675866085e-01
6.813358518221752647e-01
1.649938720995952401e+00
3.745767047068309097e-01
-1.138973355172252511e+00
-1.112843237632777038e+00
-2.339736279111627404e+00
-1.230576746763359264e+00
-2.056975501319147526e+00
8.523587243182988438e-01
-2.376466884698849036e-01
-2.152958167790044897e+00
-6.543410652346302037e-01
-2.771063596154935915e+00
-1.338288154763573212e+00
6.724911233793060550e-01
-1.360312008668913553e+00
8.439208662855142151e-01
9.916703149992067701e-02
5.302195076244520244e-02
-1.194622946215226023e+00
1.242484787462347695e+00
1.041249464598314134e+00
-1.603806211223550715e-01
-8.643104540243509160e-01
-1.020449245764512236e+00
3.742438042789997255e-01
-1.615883912239641784e-01
3.341643253590744767e-01
7.301663639077524692e-01
-5.597362323995922484e-01
-1.229695858254272078e+00
7.441547727688049285e-01
-3.299091117716111743e+00
-1.675826729001609561e+00
1.669424805391610533e-01
-6.116228756870301098e-02
-1.009300555884347306e+00
4.049403133172646552e-01
6.238875994234247546e-01
5.010451548470928884e-01
2.425174480938680599e+00
1.384576856679788914e-01
1.182176329098184819e+00
7.389024607616634377e-02
-2.076739405517361803e+00
-3.269887785193712482e-01
1.009614755222175697e+00
-5.196753084733778394e-01
1.244529490279107531e+00
1.537196154453994712e-01
-4.353084357906293889e-01
7.774074050278345638e-01
8.192265816505062137e-01
-1.122355855186017992e+00
4.578980684249696065e-01
1.041122449448238285e+00
1.207494609531108765e+00
-7.717844891698735221e-01
8.836017567621474722e-01
1.621249672053737045e+00
-1.437218968655678442e+00
1.173166470921708004e+00
-6.462472787430666443e-01
-2.828863860155161447e+00
4.844501547318307288e-01
1.837553845981802381e+00
1.211708514888807153e+00
-5.814875377938251155e-01
4.826197317917908514e-01
-7.773936630927889002e-01
-2.942693397829145852e+00
-8.101194942900313833e-01
-8.263085169563966215e-01
-2.347175574385442776e+00
1.786882218718916393e+00
1.144790739865115814e+00
-1.137726179344374478e+00
-3.816455953212067875e+00
-2.257302556603857369e-02
-1.071670376026303773e+00
-4.525016482135744145e-01
1.048026631398992325e+00
-1.216667236465688973e+00
1.875365108195401476e-01
-9.334287668743534994e-01
-1.399706207382453549e+00
1.700802793197994323e+00
1.227492859199831754e+00
9.161885715803812502e-01
1.345374008074814443e+00
9.853268657402680653e-02
6.608392437180325985e-01
-2.734443784600519844e-01
-1.819359591464895232e-01
1.004794212580523594e+00
2.167956087772949569e+00
-1.624476518365158828e-01
-2.057643416012621351e+00
4.498543550942670777e-01
1.608761213866547024e+00
-5.690459466094581753e-01
-4.176743240641849209e-01
3.676962569904180800e-01
1.252837543174880386e+00
9.780579365027071148e-01
1.573396300578710827e+00
5.430723586981771600e-01
-9.343024110172182262e-02
-1.108097440442247228e+00
-7.606360484465914951e-01
-7.392619395712725083e-01
3.038207113960966765e-02
7.301630044565550204e-01
-1.166365317996399087e+00
-3.200970226810406771e-02
-6.430247678777498699e-01
3.795782090139081522e-01
1.961572708516265973e-01
-1.438314844511716650e-01
4.431466488894351130e-01
2.087608841326512810e+00
-6.344866024901913981e-01
7.263741696448007268e-01
7.615112537543964333e-01
-1.127614984850666913e+00
-1.144595037254964476e+00
8.052488071183647733e-01
-5.429617056395488195e-01
-2.145991056043239364e-01
-1.863360687915991631e+00
-5.739192671671331514e-01
-4.460125930456964038e-01
-5.537486531463828854e-01
-1.469932062447214083e+00
-1.077241426582687733e+00
-2.554905020400087601e+00
1.101876676941222266e+00
-4.989101592847899891e-01
-1.135413205878038401e+00
-9.727401223899050375e-01
9.416968132293772609e-01
-3.903262325182543790e-01
-3.162936605845056981e-02
-2.167798327032710137e+00
4.900263407707472485e-01
-5.176280296942328274e-01
-2.086603879891906210e-01
-2.710161122049958848e-02
9.052547471339225105e-01
3.775571314688486169e-02
-1.494480155326279869e+00
-3.380846766201224263e-01
6.281497773218089886e-01
-7.815243039492048016e-01
-9.067714356125444741e-01
4.675135033099544479e-01
1.686299232004989657e+00
-1.358164213621655403e-01
4.227198874826612052e-01
-2.153408646281147476e+00
5.796513832177672132e-01
8.856889121431121836e-02
1.690622154390712506e+00
3.082471184891071303e-01
-1.510332161347522240e+00
-8.340020157804592937e-01
-2.670969219453557475e+00
-7.855672988272710544e-01
3.091526517815914588e-01
1.753142544451828710e+00
-2.932016973088757972e-02
-1.068102686122013312e+00
-3.795185335807005345e-02
3.781524199729064950e-01
1.815661191645310257e-01
4.916162361257829794e-01
-4.027948666474581607e+00
-1.649146890953423705e+00
-1.107231908525017294e+00
5.787544566839957216e-01
-8.531996212247283662e-01
-3.972501874407357025e-01
-6.899627909506667045e-01
-1.365926002587450894e+00
-3.550335832194309038e-01
1.266324177055250688e+00
-1.082219860300033032e+00
1.875745119085086010e-01
1.592485248755841631e-01
6.271288520365831953e-01
-4.655886822126253932e-01
-2.231546921737471045e+00
1.078674200648557679e+00
3.079427806863304085e-01
-4.864661522436211083e-01
6.214202602818847954e-01
-1.014197307418879923e+00
8.596840598042621018e-02
-2.305607561815337103e-01
-2.480707442842794208e+00
-1.828485605783435775e+00
-1.181498009523465953e+00
3.978455217636485131e-01
1.099759946047722092e+00
1.124476702127699790e+00
9.969700312000282505e-01
1.313810203143498834e+00
7.383681553379561890e-02
-5.499872194100765554e-01
7.929921531524823930e-01
5.702713269579944289e-01
2.185536764259116360e+00
