1.253491924242067512e-01
-5.015181820651256617e-01
-9.932109254982998126e-01
2.817833399524582311e-03
-1.000000000000000000e+00
8.043038618341658008e-01
-5.718633343930936697e-01
-1.249746175261164105e-01
-1.000000000000000000e+00
8.046026302719579831e-03
-6.435203798993527347e-01
6.948637820713442492e-01
-4.173709328870809365e-01
-1.000000000000000000e+00
-1.363178867294855268e-01
-8.145218393254120004e-01
-8.186369068285258566e-01
5.893071565661636146e-01
4.144081937645269775e-01
-6.692618002963772739e-01
2.288337099447772249e-01
1.983650533275155281e-01
-6.024142280790476534e-01
-5.618782734620502151e-01
8.084926994722525517e-01
2.201502498111594652e-01
-6.814617385864192300e-01
-6.967223407784303157e-01
3.073811700761624466e-01
-5.519218039857871627e-01
-5.398825758989047596e-01
7.738556102355775845e-02
-9.976503676564897338e-01
-2.153961336899890000e-01
1.631900140409252575e-01
1.000000000000000000e+00
-5.225874872884953559e-01
-7.874532871906636533e-02
-2.067538192312062817e-01
-7.992650384437484101e-01
8.414406852695379690e-01
-2.720938216044434532e-01
-1.000000000000000000e+00
1.690960599141112519e-01
-4.215357067836016935e-01
2.586050412200916471e-01
1.504736704943987480e-01
4.675567882544945375e-01
-3.341607134453197792e-01
9.716850380220516392e-01
-8.189434630413899852e-01
1.587404987207733376e-01
-6.873648537962510074e-01
3.015087586703482092e-01
5.842171112789777965e-01
-4.159879890805810998e-01
-1.295027416321532510e-01
5.671048519564834134e-01
-5.056202912610624489e-01
-1.000000000000000000e+00
6.910751627200981684e-01
-1.000000000000000000e+00
-3.345246111976458714e-01
7.434401394515696149e-01
1.000000000000000000e+00
-7.480444037955655823e-01
-9.319477667448017311e-01
5.724280769862112317e-01
-7.075659269983651800e-01
-1.379874811260830003e-01
-3.938910779394041994e-01
9.463992243523832171e-01
4.406162767785969381e-01
-3.725403352962617376e-01
3.493036666054144534e-01
-7.904187407876193949e-02
6.920206580861122392e-01
4.770085126476220627e-01
1.847119587643081262e-01
7.032427560277583201e-01
8.731476651488453422e-01
-9.770718798746721445e-01
1.596666559827500109e-01
4.662534686944710960e-01
-3.987586364991318466e-01
-4.519237139249461799e-01
-1.533122709729395072e-01
1.558287754004615555e-01
9.543530890796565469e-01
5.559894532101712639e-02
-3.161155455935880931e-02
4.382036971447988635e-03
-4.103208713140635844e-01
-8.360413852990074002e-01
-6.169943479170916234e-01
5.117425041056761215e-01
-8.091811872384048199e-01
-3.603841338843486453e-01
-5.920589562597414757e-01
-8.561026076120153983e-01
9.949973367383582179e-01
1.000000000000000000e+00
-4.526643590943276174e-01
4.739046502564153163e-01
1.000000000000000000e+00
-9.566737786129018151e-01
-1.235022661757952667e-01
-2.744197332564992653e-01
9.521011440898492495e-01
-2.344888896542113577e-01
8.751173965443788116e-01
-1.000000000000000000e+00
-9.982631846541371035e-01
-8.260513014858196223e-01
-6.345348628666955815e-01
-9.545842170987247632e-01
-9.347647288254470888e-02
2.965348930190355725e-01
9.168406947481356761e-01
9.974408327059832713e-01
5.195784331190533845e-01
9.017939133618967373e-01
-1.000000000000000000e+00
1.219705278314628383e-01
6.861418781346851903e-01
-9.624025971201368712e-01
-6.217773703308695499e-01
-8.679632252712640161e-01
8.264511147080821907e-02
8.293505992074804434e-01
-4.865968288535992836e-01
9.621091095047588082e-01
1.157401075074305508e-01
2.010658102815509052e-01
8.632563751707980071e-01
9.566615297888617642e-01
-8.472993550061984624e-01
8.079312024692172356e-01
-1.372353853553099912e-01
-2.804032191316475908e-02
-4.745758621868978455e-01
-2.492868499696047624e-01
-4.527580464417919615e-01
-3.383805934413279259e-01
2.267595759374252951e-01
-1.000000000000000000e+00
-8.903652697359986101e-01
-1.068237414789879880e-02
-2.792267879273144238e-01
-1.000000000000000000e+00
-1.105706788758468659e-02
-1.794892210309118330e-01
1.000000000000000000e+00
-1.741970267830842412e-01
-3.558150347730754115e-01
9.888327643406239487e-01
3.189224978474763245e-02
1.000000000000000000e+00
9.757795246908338438e-01
2.472128568556257178e-01
-9.510702803940562777e-01
-8.969741073078736360e-01
-7.401952426497705462e-01
2.260260050949088884e-01
-9.811470328491314064e-01
1.436977948484512158e-02
-8.114492207911994104e-02
-3.892041701833907075e-01
-1.730452226154947926e-01
-2.792706887271282912e-01
-4.270908789653278248e-01
7.297087067517217251e-01
-5.630348934631422830e-01
4.839993989390303786e-01
4.780578468442667761e-01
5.342583260762555353e-04
9.967818255042163456e-01
9.358523621079680721e-01
4.570144792371884646e-01
-8.089762523899955982e-01
-1.000000000000000000e+00
1.495961226945706213e-01
-1.000000000000000000e+00
3.003622344327148141e-01
-6.291073604061794278e-01
6.920197231490795575e-01
-3.226797089153001785e-01
-8.037977326406756662e-01
7.093128832818483831e-01
-4.401865354094691707e-01
-1.000000000000000000e+00
4.480198926792477304e-02
-5.882897897424572697e-01
5.618096498777662706e-01
-2.333264741671243689e-02
8.630773237701370171e-01
1.422384104520981740e-01
-9.975327503979516397e-01
2.905304485639657597e-01
-7.923923503148131431e-01
-5.005989136321895572e-01
-5.981806035056843607e-01
-5.098265702074362693e-01
-7.949448706613054111e-03
-8.731368252723036294e-01
1.548590242866115241e-01
-6.880713573725999455e-01
-9.321421411042991600e-01
4.275934386567025597e-02
-1.000000000000000000e+00
-1.262112535449659290e-01
5.459745751955983328e-01
-5.718716542090260813e-01
-7.601210169369958525e-01
6.942269866116395072e-01
-1.000000000000000000e+00
-6.058923553541305518e-01
9.148672391050589880e-02
1.000000000000000000e+00
3.236686015218342982e-02
4.488928697883636243e-01
-3.679323537216435125e-01
-3.617859090541770961e-02
8.125085127323151690e-01
5.184489607412487988e-01
-8.663045007461466218e-01
2.177156005064759259e-01
-3.833766638706431751e-01
-3.507816081876332648e-01
6.239231540826892797e-01
-6.344154294394198645e-01
7.630959570880393450e-01
-7.881514839874750322e-01
9.032159637526937512e-01
-1.000000000000000000e+00
3.649704912398659684e-01
3.884233314307302121e-01
-5.429111708451817009e-01
-8.036433760750854027e-01
9.066710943465259298e-01
5.863410746897199655e-01
-5.026504692109710071e-01
-6.590964824816291090e-01
-5.405277201410713106e-01
4.193928539772535935e-02
-7.474448603206512720e-01
2.510449049249097175e-02
7.302309923863569141e-01
-5.748552845117067545e-01
-6.104256685113439440e-01
-2.672962095238819447e-01
-9.039832451098330779e-01
-4.352339921108412391e-01
2.549530611703244853e-04
9.549848593946446140e-01
-3.466555830341077615e-01
7.213377726936966994e-01
-1.000000000000000000e+00
1.000000000000000000e+00
-3.393773828540833648e-01
1.683341025326399315e-02
4.596353537541718048e-01
-7.875384008982735384e-01
5.589745514563714268e-01
4.012645177878121361e-01
